0
2
5
6
7
8
10
12
14
15
18
20
22
26
26
28
28
28
28
31
31
35
35
37
43
43
44
45
47
51
55
57
60
63
64
65
65
67
69
70
71
72
75
79
79
80
81
83
87
88
90
90
93
96
100
106
108
109
110
115
117
118
119
123
123
127
131
131
133
135
135
136
136
144
146
147
149
151
151
152
154
156
158
160
161
162
164
169
170
170
172
176
176
178
178
179
184
189
191
196
197
197
199
203
203
203
210
210
211
213
218
220
221
222
225
228
231
234
237
237
240
241
242
243
244
245
250
251
251
251
253
255
261
265
271
272
279
283
286
289
290
292
293
293
302
304
306
309
310
311
312
316
316
317
318
322
323
332
334
336
337
346
347
349
350
352
354
355
356
356
356
367
371
372
376
377
377
379
379
380
382
385
385
388
389
393
395
396
398
401
403
406
407
409
409
413
415
416
417
420
421
424
431
433
435
437
438
440
447
447
454
455
455
455
456
458
459
463
467
468
469
475
475
477
480
483
484
486
490
491
491
497
499
504
507
511
512
514
518
520
523
524
526
529
533
535
538
538
540
541
542
543
544
547
548
548
552
556
556
557
557
558
563
565
566
568
569
570
571
571
573
574
574
575
577
581
583
583
585
587
589
593
594
596
597
597
597
599
600
602
603
604
605
614
618
620
621
621
622
622
626
629
629
630
638
639
640
640
641
644
645
646
648
649
651
654
658
658
659
668
668
668
669
671
672
673
673
673
677
677
678
678
681
683
686
686
687
689
691
691
692
693
695
696
699
699
699
703
703
703
704
705
707
710
710
713
715
716
717
724
727
730
732
733
734
735
743
743
744
748
754
757
757
758
759
759
759
759
764
764
767
773
778
780
782
788
791
793
793
798
801
802
803
803
803
804
808
808
812
815
826
827
829
835
836
838
842
842
843
846
847
855
861
865
866
876
877
887
890
893
894
897
899
899
902
904
906
906
907
910
911
914
916
921
925
929
931
934
937
938
938
939
940
946
948
948
951
953
953
957
959
960
961
963
964
967
969
970
970
971
973
974
975
980
983
986
987
991
993
997
998
999
1002
1004
1004
1006
1007
1009
1011
1011
1012
1013
1015
1016
1017
1018
1018
1021
1021
1022
1022
1031
1033
1034
1034
1038
1046
1047
1048
1049
1051
1052
1052
1055
1055
1056
1060
1062
1064
1065
1065
1065
1067
1074
1075
1075
1077
1080
1086
1086
1087
1089
1094
1094
1096
1097
1097
1098
1100
1102
1107
1107
1110
1112
1112
1114
1114
1114
1115
1119
1121
1125
1126
1130
1131
1132
1133
1136
1136
1139
1139
1147
1151
1151
1152
1153
1154
1154
1154
1156
1160
1160
1161
1161
1162
1165
1165
1165
1166
1170
1172
1176
1177
1178
1184
1186
1191
1200
1204
1205
1206
1207
1208
1208
1210
1215
1217
1218
1219
1220
1222
1226
1226
1227
1229
1230
1230
1230
1234
1236
1236
1237
1237
1242
1245
1246
1249
1249
1250
1251
1255
1259
1260
1261
1261
1271
1274
1274
1276
1284
1285
1286
1289
1290
1291
1295
1295
1297
1299
1306
1312
1313
1314
1317
1318
1320
1321
1322
1322
1323
1326
1333
1339
1345
1348
1350
1353
1353
1361
1363
1363
1365
1368
1370
1371
1375
1375
1375
1383
1385
1388
1389
1398
1401
1402
1403
1403
1407
1415
1415
1417
1422
1423
1424
1426
1427
1443
1449
1452
1461
1462
1465
1468
1472
1474
1475
1476
1477
1477
1482
1484
1485
1489
1490
1491
1491
1493
1498
1500
1501
1502
1503
1503
1508
1517
1519
1519
1525
1527
1528
1528
1530
1546
1553
1555
1557
1557
1558
1560
1561
1563
1563
1566
1572
1572
1574
1580
1581
1582
1584
1589
1590
1593
1596
1602
1603
1612
1613
1617
1618
1621
1623
1631
1632
1634
1634
1636
1638
1639
1640
1641
1641
1643
1646
1647
1647
1653
1653
1654
1655
1656
1659
1659
1661
1668
1670
1672
1673
1674
1678
1680
1681
1683
1688
1691
1691
1691
1693
1694
1694
1695
1696
1696
1699
1706
1708
1710
1710
1713
1714
1714
1715
1717
1719
1720
1723
1730
1732
1733
1735
1736
1737
1738
1739
1739
1739
1741
1741
1743
1743
1745
1746
1750
1764
1767
1771
1773
1775
1775
1776
1776
1777
1780
1782
1783
1783
1785
1785
1788
1790
1791
1796
1800
1800
1804
1805
1807
1810
1810
1812
1814
1820
1823
1827
1827
1830
1833
1834
1838
1839
1839
1844
1845
1847
1847
1849
1852
1854
1854
1855
1857
1859
1859
1862
1864
1866
1866
1869
1869
1878
1879
1882
1883
1885
1886
1887
1888
1888
1888
1900
1902
1902
1905
1909
1916
1916
1919
1919
1919
1920
1922
1924
1924
1924
1935
1935
1935
1937
1938
1939
1942
1942
1946
1948
1953
1957
1963
1963
1967
1970
1972
1976
1977
1981
1986
1986
1987
1987
1988
1988
1989
1989
1990
1998
1998
2007
2009
2010
2010
2013
2015
2017
2017
2019
2021
2021
2024
2028
2029
2031
2032
2033
2036
2036
2041
2043
2045
2046
2051
2052
2053
2055
2056
2057
2065
2066
2068
2068
2071
2072
2073
2076
2077
2078
2081
2081
2082
2083
2086
2088
2089
2093
2099
2101
2102
2105
2105
2106
2112
2112
2113
2114
2116
2118
2120
2120
2126
2130
2130
2137
2137
2139
2140
2141
2149
2149
2160
2161
2162
2163
2164
2165
2167
2170
2171
2172
2173
2174
2178
2178
2179
2184
2186
2186
2188
2188
2189
2190
2193
2195
2197
2198
2203
2207
2207
2211
2211
2212
2212
2216
2216
2216
2217
2218
2219
2222
2223
2224
2226
2228
2229
2231
2231
2233
2234
2234
2235
2242
2246
2248
2248
2251
2251
2261
2264
2268
2269
2270
2277
2279
2279
2280
2280
2282
2282
2283
2283
2285
2285
2287
2287
2289
2292
2294
2306
2306
2309
2309
2309
2316
2317
2319
2322
2323
2324
2325
2328
2329
2334
2337
2341
2347
2348
2355
2359
2362
2368
2369
2372
2375
2375
2380
2381
2382
2383
2392
2392
2392
2394
2399
2399
2402
2402
2408
2410
2421
2422
2423
2423
2424
2426
2429
2432
2439
2443
2443
2444
2444
2451
2452
2452
2453
2454
2454
2456
2456
2460
2461
2462
2464
2479
2479
2481
2483
2486
2486
2489
2490
2491
2498
2499
2503
2503
2505
2513
2517
2520
2523
2525
2531
2533
2535
2535
2535
2537
2538
2541
2548
2549
2554
2555
2557
2565
2567
2571
2573
2573
2573
2576
2583
2585
2590
2590
2590
2593
2596
2596
2597
2597
2600
2602
2604
2608
2609
2610
2611
2615
2617
2623
2623
2625
2627
2627
2631
2631
2632
2633
2635
2635
2639
2642
2645
2647
2647
2648
2650
2653
2653
2654
2662
2662
2662
2666
2666
2666
2667
2668
2669
2670
2672
2672
2673
2674
2677
2678
2684
2684
2687
2692
2700
2705
2707
2707
2708
2708
2709
2710
2712
2712
2712
2713
2713
2715
2717
2717
2717
2720
2722
2723
2727
2727
2731
2746
2748
2748
2753
2754
2761
2761
2761
2762
2764
2770
2773
2776
2778
2778
2781
2782
2784
2786
2787
2791
2791
2796
2797
2800
2801
2803
2804
2805
2805
2807
2808
2813
2818
2818
2821
2823
2825
2826
2828
2829
2830
2835
2836
2837
2838
2842
2844
2849
2850
2850
2851
2853
2854
2854
2855
2858
2861
2863
2864
2866
2868
2871
2874
2875
2877
2877
2878
2881
2884
2888
2888
2892
2894
2894
2894
2899
2908
2908
2909
2910
2918
2918
2920
2922
2923
2928
2928
2929
2931
2933
2939
2942
2943
2951
2952
2954
2956
2957
2958
2959
2959
2962
2962
2964
2965
2967
2967
2967
2969
2969
2970
2970
2974
2978
2978
2983
2984
2986
2987
2989
2990
2992
2992
2993
2993
2994
2995
3000
3004
3010
3013
3013
3014
3016
3017
3021
3022
3023
3023
3024
3026
3028
3028
3031
3035
3035
3036
3039
3040
3043
3045
3046
3048
3050
3055
3058
3058
3061
3064
3064
3064
3070
3071
3074
3074
3082
3084
3085
3086
3086
3089
3090
3093
3095
3099
3107
3107
3108
3109
3111
3114
3115
3120
3120
3120
3120
3121
3129
3136
3137
3137
3138
3138
3140
3142
3143
3144
3146
3147
3149
3154
3154
3154
3157
3163
3167
3169
3172
3173
3173
3176
3177
3177
3177
3183
3184
3186
3186
3188
3190
3191
3196
3198
3199
3200
3203
3204
3212
3218
3221
3225
3226
3228
3229
3229
3232
3233
3236
3242
3242
3243
3244
3244
3246
3248
3250
3251
3251
3252
3254
3256
3259
3262
3265
3266
3271
3273
3278
3279
3280
3285
3285
3286
3287
3288
3289
3295
3296
3298
3301
3303
3304
3305
3307
3308
3311
3313
3314
3314
3314
3315
3315
3319
3321
3327
3330
3332
3334
3337
3343
3346
3348
3348
3348
3350
3354
3357
3360
3366
3367
3367
3371
3372
3374
3375
3376
3378
3378
3381
3382
3383
3384
3386
3399
3400
3401
3402
3405
3408
3410
3411
3412
3412
3413
3414
3416
3423
3424
3432
3434
3434
3437
3439
3441
3442
3445
3448
3451
3452
3452
3454
3458
3462
3463
3464
3465
3467
3471
3472
3477
3478
3478
3486
3487
3490
3491
3491
3493
3493
3494
3496
3497
3501
3501
3501
3501
3501
3501
3502
3502
3506
3507
3507
3511
3513
3515
3516
3521
3524
3526
3534
3538
3538
3539
3540
3541
3543
3544
3552
3554
3556
3559
3565
3566
3570
3573
3580
3581
3581
3587
3591
3593
3594
3595
3595
3597
3599
3600
3601
3604
3607
3609
3610
3611
3611
3612
3613
3617
3624
3624
3625
3627
3636
3636
3637
3648
3650
3651
3660
3664
3667
3669
3672
3674
3675
3675
3676
3677
3681
3684
3684
3685
3685
3686
3686
3688
3688
3693
3695
3696
3704
3705
3714
3715
3718
3720
3720
3721
3722
3723
3723
3727
3728
3736
3740
3743
3744
3744
3745
3748
3751
3752
3752
3753
3754
3757
3758
3763
3767
3770
3771
3771
3773
3773
3783
3786
3787
3791
3792
3792
3800
3804
3804
3805
3807
3808
3812
3812
3813
3814
3817
3822
3822
3825
3825
3830
3831
3832
3834
3835
3836
3837
3839
3840
3841
3841
3842
3843
3843
3846
3847
3847
3848
3853
3853
3854
3855
3857
3863
3864
3866
3866
3870
3873
3874
3876
3876
3876
3876
3884
3887
3888
3888
3891
3891
3892
3893
3897
3901
3908
3921
3922
3924
3926
3926
3932
3932
3934
3934
3935
3936
3938
3939
3940
3940
3951
3953
3957
3958
3958
3961
3962
3963
3965
3967
3967
3973
3974
3974
3975
3976
3977
3978
3979
3980
3981
3982
3983
3984
3986
3987
3988
3989
3989
3991
3992
3992
3993
3994
3996
3997
3999
4000
4001
4008
4009
4010
4012
4012
4012
4013
4022
4024
4025
4025
4027
4027
4034
4035
4037
4043
4048
4048
4051
4051
4053
4056
4061
4062
4063
4063
4065
4072
4073
4075
4080
4080
4081
4085
4086
4086
4087
4088
4089
4090
4090
4092
4095
4096
4102
4103
4105
4110
4110
4110
4117
4126
4127
4127
4128
4128
4129
4133
4139
4140
4146
4146
4147
4148
4149
4151
4152
4154
4158
4161
4162
4164
4165
4166
4169
4171
4174
4176
4179
4180
4183
4184
4184
4186
4192
4193
4197
4198
4205
4208
4209
4214
4215
4216
4219
4220
4221
4222
4222
4224
4231
4232
4232
4233
4235
4235
4236
4237
4238
4238
4238
4238
4243
4246
4248
4249
4253
4255
4255
4258
4260
4262
4262
4263
4265
4271
4273
4274
4279
4280
4280
4281
4281
4283
4286
4288
4291
4292
4294
4294
4295
4298
4298
4300
4301
4301
4304
4308
4310
4319
4319
4319
4325
4325
4327
4327
4331
4332
4332
4332
4334
4335
4340
4343
4351
4353
4353
4353
4356
4357
4367
4368
4368
4368
4369
4370
4372
4379
4379
4380
4383
4384
4384
4385
4385
4392
4394
4396
4400
4401
4406
4407
4413
4413
4413
4416
4420
4422
4423
4427
4428
4430
4437
4438
4438
4442
4444
4444
4444
4448
4449
4449
4452
4458
4458
4458
4459
4463
4465
4467
4469
4474
4475
4476
4477
4479
4480
4480
4483
4491
4492
4492
4492
4494
4499
4501
4502
4503
4504
4504
4505
4507
4512
4519
4519
4521
4521
4526
4526
4527
4531
4532
4534
4540
4541
4541
4541
4544
4548
4550
4551
4551
4551
4558
4561
4562
4562
4563
4565
4568
4571
4572
4573
4579
4580
4583
4587
4587
4590
4591
4595
4596
4601
4601
4603
4604
4606
4607
4612
4613
4619
4620
4621
4629
4634
4634
4641
4643
4643
4648
4649
4652
4653
4654
4655
4658
4660
4665
4670
4675
4678
4679
4679
4679
4680
4681
4682
4684
4685
4687
4689
4690
4693
4693
4696
4697
4698
4700
4702
4702
4703
4703
4707
4710
4711
4711
4717
4718
4719
4720
4722
4723
4724
4726
4726
4726
4727
4728
4729
4731
4732
4734
4734
4736
4740
4745
4747
4750
4754
4754
4756
4756
4758
4760
4764
4765
4767
4769
4769
4770
4774
4777
4778
4782
4782
4783
4783
4788
4788
4789
4793
4797
4805
4806
4814
4816
4818
4825
4827
4827
4829
4832
4834
4834
4835
4839
4841
4845
4848
4851
4854
4859
4860
4860
4864
4865
4866
4867
4872
4873
4876
4878
4880
4882
4885
4885
4886
4886
4887
4888
4893
4893
4894
4895
4895
4897
4900
4900
4900
4901
4905
4905
4905
4906
4906
4908
4914
4916
4922
4923
4923
4924
4926
4928
4930
4933
4935
4936
4945
4947
4951
4953
4957
4958
4961
4963
4963
4964
4964
4967
4970
4973
4974
4975
4976
4979
4982
4985
4991
4992
4993
5000
5009
5010
5011
5011
5013
5014
5014
5017
5019
5022
5023
5024
5028
5031
5033
5034
5034
5035
5037
5044
5045
5045
5045
5047
5048
5050
5050
5054
5054
5055
5056
5058
5059
5065
5065
5066
5069
5073
5073
5079
5089
5089
5096
5096
5098
5104
5105
5107
5108
5111
5113
5116
5116
5118
5118
5120
5122
5124
5128
5131
5133
5133
5133
5135
5136
5139
5142
5143
5144
5145
5148
5149
5151
5151
5154
5154
5158
5161
5165
5166
5169
5169
5170
5185
5186
5187
5189
5200
5202
5211
5213
5216
5216
5219
5226
5226
5231
5234
5234
5235
5242
5243
5249
5256
5260
5261
5264
5265
5273
5273
5276
5278
5291
5292
5293
5297
5298
5300
5300
5302
5303
5306
5313
5313
5314
5315
5322
5322
5326
5328
5328
5328
5328
5330
5334
5335
5335
5335
5338
5342
5343
5345
5350
5352
5357
5360
5363
5363
5365
5366
5367
5367
5369
5370
5371
5372
5372
5372
5374
5377
5378
5379
5381
5383
5387
5388
5389
5390
5391
5391
5391
5399
5401
5402
5405
5409
5412
5414
5416
5419
5420
5422
5422
5424
5425
5428
5430
5434
5436
5437
5441
5441
5442
5443
5447
5450
5452
5452
5452
5454
5456
5457
5462
5465
5469
5469
5474
5478
5483
5484
5485
5493
5494
5494
5498
5498
5500
5503
5509
5514
5516
5523
5526
5527
5532
5532
5533
5539
5540
5541
5542
5543
5549
5550
5555
5559
5561
5563
5568
5569
5572
5572
5574
5574
5575
5576
5576
5577
5577
5578
5581
5584
5585
5585
5588
5590
5594
5595
5596
5599
5599
5600
5600
5602
5603
5605
5606
5606
5607
5615
5618
5622
5632
5634
5637
5637
5645
5646
5646
5647
5647
5650
5651
5652
5655
5655
5657
5659
5659
5659
5667
5668
5670
5671
5675
5677
5678
5680
5681
5683
5683
5685
5686
5686
5687
5687
5689
5691
5697
5697
5698
5699
5702
5703
5705
5705
5705
5705
5707
5709
5709
5709
5710
5714
5714
5714
5722
5726
5729
5729
5729
5732
5735
5735
5735
5744
5745
5746
5747
5749
5750
5752
5752
5754
5758
5759
5759
5759
5762
5763
5766
5766
5768
5768
5769
5770
5772
5773
5776
5777
5779
5779
5783
5783
5783
5785
5785
5787
5792
5792
5793
5793
5793
5795
5796
5796
5798
5799
5801
5802
5802
5805
5808
5810
5812
5812
5813
5816
5817
5819
5823
5824
5825
5826
5828
5830
5830
5831
5833
5836
5837
5838
5840
5841
5844
5849
5853
5853
5856
5858
5863
5864
5864
5866
5872
5873
5873
5878
5879
5883
5886
5886
5888
5890
5891
5893
5902
5905
5908
5909
5914
5914
5916
5916
5919
5923
5933
5934
5936
5939
5939
5940
5940
5941
5941
5941
5943
5948
5949
5955
5956
5958
5963
5965
5965
5969
5970
5973
5975
5977
5979
5983
5983
5984
5984
5996
5996
5998
6002
6002
6003
6007
6009
6009
6011
6012
6013
6015
6015
6016
6027
6030
6031
6032
6033
6035
6037
6041
6042
6044
6051
6052
6054
6058
6060
6060
6062
6066
6066
6070
6070
6072
6074
6078
6082
6088
6091
6093
6093
6103
6109
6112
6114
6117
6117
6124
6125
6126
6127
6135
6139
6149
6153
6155
6159
6160
6162
6165
6166
6166
6172
6172
6172
6173
6184
6186
6191
6193
6194
6199
6205
6205
6209
6209
6209
6210
6214
6216
6217
6218
6219
6222
6222
6224
6227
6227
6229
6229
6229
6229
6230
6231
6231
6232
6238
6239
6246
6248
6251
6254
6254
6259
6259
6265
6269
6271
6278
6278
6285
6287
6287
6288
6291
6293
6297
6306
6310
6312
6313
6316
6317
6318
6322
6327
6327
6330
6330
6331
6333
6333
6338
6340
6343
6344
6350
6351
6352
6356
6360
6361
6364
6364
6367
6367
6371
6373
6373
6375
6383
6386
6389
6392
6394
6395
6396
6397
6398
6404
6411
6411
6413
6413
6415
6415
6415
6422
6425
6425
6425
6426
6426
6427
6430
6433
6434
6435
6440
6442
6449
6452
6458
6459
6464
6468
6470
6475
6478
6482
6484
6490
6490
6492
6497
6499
6500
6501
6502
6504
6505
6508
6509
6511
6511
6514
6514
6515
6517
6523
6524
6528
6528
6529
6530
6530
6533
6533
6534
6538
6540
6541
6542
6543
6550
6550
6553
6554
6555
6557
6559
6561
6564
6566
6568
6569
6577
6577
6577
6581
6582
6583
6583
6587
6589
6592
6594
6595
6601
6601
6604
6609
6609
6609
6611
6615
6616
6616
6617
6619
6619
6620
6621
6625
6627
6630
6632
6637
6638
6639
6641
6641
6642
6642
6642
6647
6650
6651
6651
6655
6655
6657
6659
6660
6671
6671
6672
6675
6676
6677
6677
6680
6680
6681
6690
6691
6692
6693
6696
6697
6701
6702
6703
6705
6705
6708
6713
6715
6715
6716
6717
6720
6720
6721
6728
6730
6731
6731
6734
6735
6735
6737
6739
6743
6744
6752
6752
6752
6755
6756
6758
6762
6763
6764
6766
6769
6771
6773
6774
6775
6779
6780
6781
6781
6790
6790
6791
6792
6794
6797
6798
6805
6806
6811
6811
6813
6816
6817
6818
6821
6822
6826
6826
6829
6831
6841
6847
6848
6854
6855
6856
6857
6858
6863
6865
6865
6873
6875
6881
6882
6883
6883
6886
6886
6887
6890
6892
6894
6900
6903
6909
6910
6910
6910
6911
6912
6913
6917
6923
6924
6926
6926
6926
6927
6928
6929
6936
6941
6944
6944
6946
6947
6948
6957
6960
6968
6970
6972
6973
6973
6974
6979
6980
6983
6984
6985
6987
6987
6987
6997
7008
7009
7011
7012
7013
7016
7018
7020
7021
7022
7025
7028
7031
7031
7032
7034
7037
7038
7038
7039
7041
7042
7048
7050
7054
7055
7055
7056
7057
7057
7064
7069
7069
7071
7073
7075
7080
7087
7087
7090
7092
7093
7100
7102
7104
7105
7107
7107
7111
7112
7114
7117
7122
7122
7127
7128
7131
7139
7141
7142
7142
7144
7147
7148
7149
7153
7155
7155
7159
7159
7163
7163
7167
7170
7173
7175
7183
7183
7183
7184
7186
7187
7192
7192
7193
7197
7201
7202
7204
7207
7208
7210
7212
7212
7213
7213
7219
7220
7221
7222
7225
7226
7228
7228
7233
7235
7238
7240
7243
7246
7246
7246
7246
7247
7251
7256
7258
7265
7266
7268
7274
7275
7275
7281
7286
7289
7289
7290
7294
7296
7299
7302
7303
7306
7308
7309
7309
7310
7315
7318
7320
7321
7322
7322
7324
7329
7331
7334
7334
7335
7335
7338
7344
7345
7345
7350
7350
7360
7365
7373
7374
7375
7376
7379
7381
7382
7384
7389
7393
7393
7398
7400
7404
7407
7409
7409
7409
7410
7411
7414
7414
7417
7425
7425
7426
7426
7429
7430
7431
7439
7439
7442
7442
7444
7445
7446
7447
7449
7449
7454
7454
7455
7456
7457
7460
7460
7461
7461
7464
7465
7468
7473
7476
7476
7480
7484
7485
7486
7487
7488
7490
7492
7493
7494
7497
7503
7503
7503
7504
7507
7508
7508
7509
7510
7511
7511
7512
7512
7514
7514
7516
7519
7520
7522
7525
7528
7529
7534
7536
7538
7546
7547
7548
7550
7553
7555
7556
7557
7563
7563
7564
7567
7568
7570
7582
7582
7583
7587
7587
7588
7590
7591
7593
7594
7594
7595
7601
7603
7603
7604
7608
7614
7614
7615
7628
7628
7632
7633
7634
7640
7643
7644
7650
7650
7652
7653
7656
7659
7660
7663
7664
7666
7667
7676
7677
7679
7682
7684
7685
7688
7689
7691
7691
7693
7694
7694
7694
7697
7698
7698
7700
7702
7708
7709
7709
7710
7711
7712
7721
7723
7724
7725
7725
7726
7733
7739
7741
7744
7746
7750
7757
7758
7760
7762
7762
7763
7768
7770
7770
7770
7773
7774
7778
7780
7781
7783
7785
7788
7788
7788
7796
7801
7801
7803
7805
7808
7810
7812
7813
7814
7816
7819
7819
7820
7821
7823
7826
7831
7831
7833
7835
7837
7837
7841
7843
7844
7852
7853
7860
7861
7863
7863
7865
7866
7867
7868
7868
7872
7877
7881
7882
7885
7888
7889
7890
7890
7892
7896
7896
7896
7896
7898
7898
7900
7904
7905
7906
7906
7910
7911
7915
7919
7920
7922
7929
7931
7932
7934
7942
7942
7947
7948
7949
7951
7952
7953
7953
7954
7954
7956
7958
7958
7961
7965
7965
7966
7969
7969
7970
7971
7973
7975
7976
7979
7979
7981
7983
7984
7984
7984
7986
7987
7988
7991
7992
7993
7993
7996
7998
8004
8008
8009
8009
8009
8010
8010
8011
8013
8015
8017
8019
8022
8027
8028
8029
8032
8033
8035
8036
8038
8039
8043
8044
8044
8045
8048
8054
8054
8054
8057
8059
8061
8062
8065
8066
8069
8069
8072
8072
8074
8077
8079
8080
8084
8087
8087
8090
8094
8096
8098
8098
8099
8101
8101
8104
8105
8107
8107
8108
8110
8112
8113
8114
8116
8119
8119
8121
8122
8124
8126
8126
8133
8134
8137
8138
8144
8144
8147
8148
8148
8149
8150
8154
8155
8155
8157
8161
8161
8162
8166
8166
8167
8169
8171
8174
8174
8175
8177
8178
8178
8182
8183
8183
8185
8189
8193
8193
8194
8197
8199
8201
8202
8204
8205
8205
8206
8208
8209
8211
8213
8215
8218
8220
8224
8227
8227
8228
8229
8230
8232
8234
8234
8235
8235
8237
8238
8238
8241
8250
8253
8253
8257
8258
8262
8274
8275
8275
8277
8277
8281
8282
8282
8288
8289
8289
8292
8294
8298
8298
8302
8303
8306
8308
8310
8311
8311
8313
8314
8315
8316
8319
8320
8320
8320
8326
8328
8331
8333
8343
8349
8352
8352
8353
8355
8358
8359
8360
8360
8360
8360
8361
8361
8364
8370
8373
8377
8380
8383
8383
8388
8389
8390
8390
8393
8394
8395
8398
8402
8402
8404
8405
8409
8410
8411
8412
8414
8416
8416
8417
8420
8424
8425
8426
8427
8427
8429
8429
8429
8433
8433
8434
8438
8440
8442
8445
8446
8454
8454
8455
8459
8459
8464
8464
8464
8467
8468
8469
8475
8476
8480
8481
8483
8489
8489
8489
8490
8492
8496
8497
8498
8498
8499
8499
8505
8508
8512
8518
8518
8519
8525
8526
8527
8530
8535
8539
8540
8545
8545
8547
8556
8560
8562
8564
8566
8566
8574
8575
8575
8580
8583
8584
8584
8586
8586
8587
8589
8593
8596
8597
8598
8598
8601
8604
8607
8610
8616
8617
8618
8619
8623
8623
8625
8627
8629
8630
8631
8636
8638
8641
8642
8642
8644
8645
8647
8648
8648
8650
8652
8653
8658
8658
8661
8661
8667
8668
8670
8680
8681
8687
8690
8691
8691
8699
8703
8705
8706
8706
8706
8709
8712
8714
8715
8718
8722
8728
8730
8730
8732
8733
8734
8735
8744
8748
8749
8754
8757
8759
8760
8760
8764
8764
8765
8768
8769
8773
8778
8780
8786
8787
8790
8792
8793
8794
8795
8796
8797
8800
8801
8803
8805
8814
8815
8816
8816
8820
8822
8829
8830
8832
8832
8835
8837
8840
8841
8845
8845
8848
8850
8852
8859
8861
8861
8861
8861
8862
8863
8863
8866
8869
8870
8872
8883
8884
8889
8889
8891
8891
8897
8901
8902
8904
8906
8906
8910
8911
8911
8912
8917
8922
8924
8925
8925
8927
8928
8928
8928
8931
8932
8939
8940
8947
8948
8950
8953
8958
8958
8963
8964
8964
8966
8970
8973
8975
8976
8978
8987
8993
8995
8996
8998
8999
8999
8999
9000
9000
9014
9019
9023
9024
9025
9028
9036
9042
9043
9045
9049
9049
9049
9053
9053
9053
9063
9067
9068
9072
9073
9078
9079
9079
9080
9084
9084
9086
9091
9093
9096
9096
9099
9101
9101
9103
9105
9106
9109
9110
9112
9112
9112
9114
9115
9117
9118
9127
9128
9131
9132
9133
9134
9136
9149
9149
9152
9153
9157
9160
9161
9164
9168
9170
9174
9174
9177
9178
9179
9179
9184
9185
9185
9187
9194
9197
9198
9198
9205
9206
9210
9210
9211
9212
9214
9214
9214
9215
9215
9218
9222
9223
9239
9247
9250
9251
9258
9261
9261
9267
9267
9267
9271
9272
9273
9280
9285
9287
9289
9290
9292
9296
9297
9299
9303
9306
9307
9307
9308
9317
9320
9321
9323
9323
9325
9327
9329
9329
9333
9334
9338
9339
9340
9341
9342
9343
9344
9344
9346
9350
9356
9357
9358
9360
9367
9370
9372
9373
9376
9377
9378
9378
9381
9382
9383
9386
9391
9398
9403
9404
9405
9407
9409
9410
9410
9411
9414
9414
9418
9420
9422
9423
9426
9429
9429
9430
9431
9433
9433
9434
9435
9439
9440
9442
9446
9447
9450
9455
9462
9465
9467
9469
9472
9474
9475
9479
9482
9485
9486
9490
9496
9497
9498
9499
9501
9503
9504
9506
9510
9511
9511
9511
9518
9518
9518
9520
9521
9523
9525
9525
9525
9526
9526
9529
9531
9532
9533
9535
9536
9536
9536
9537
9539
9542
9542
9543
9544
9545
9546
9546
9547
9548
9548
9548
9549
9552
9556
9560
9561
9561
9562
9562
9564
9566
9571
9575
9587
9587
9589
9598
9602
9602
9605
9607
9607
9607
9610
9613
9614
9615
9616
9616
9621
9622
9622
9629
9630
9630
9631
9635
9636
9644
9649
9651
9653
9653
9661
9662
9662
9664
9665
9665
9665
9671
9673
9673
9673
9674
9675
9676
9679
9680
9684
9688
9690
9691
9691
9691
9693
9695
9695
9698
9701
9702
9705
9708
9708
9714
9714
9718
9719
9720
9721
9723
9723
9723
9726
9726
9726
9735
9737
9738
9739
9740
9741
9741
9744
9744
9745
9746
9750
9752
9753
9757
9757
9758
9761
9761
9761
9762
9765
9765
9768
9770
9776
9776
9776
9778
9780
9781
9787
9787
9793
9794
9797
9797
9800
9803
9807
9810
9810
9813
9817
9817
9817
9820
9821
9822
9823
9841
9849
9853
9855
9859
9862
9865
9865
9866
9868
9871
9872
9875
9875
9878
9879
9881
9885
9886
9889
9890
9890
9891
9896
9897
9902
9902
9904
9904
9907
9907
9908
9915
9915
9916
9917
9917
9918
9920
9920
9922
9925
9930
9933
9935
9936
9937
9945
9946
9947
9947
9953
9954
9955
9956
9957
9959
9961
9966
9980
9982
9983
9990
9991
9993
9998
9999
10003
10011
10012
10014
10015
10018
10018
10024
10026
10027
10027
10028
10029
10031
10031
10033
10044
10045
10050
10051
10051
10055
10055
10055
10055
10057
10063
10064
10064
10065
10066
10066
10069
10069
10069
10070
10070
10073
10073
10077
10077
10077
10077
10080
10081
10087
10089
10091
10092
10093
10094
10095
10102
10104
10109
10109
10112
10113
10118
10124
10125
10125
10131
10132
10133
10133
10137
10146
10148
10150
10150
10151
10153
10155
10158
10160
10162
10163
10164
10165
10167
10168
10169
10171
10171
10172
10172
10175
10183
10183
10183
10184
10184
10185
10188
10188
10189
10189
10189
10190
10191
10191
10194
10196
10201
10205
10207
10208
10213
10215
10219
10219
10221
10226
10226
10233
10238
10239
10240
10241
10241
10244
10248
10248
10249
10249
10252
10264
10264
10265
10265
10268
10272
10275
10281
10285
10285
10288
10289
10289
10292
10293
10294
10294
10296
10296
10297
10303
10304
10304
10305
10305
10309
10314
10315
10315
10316
10319
10319
10323
10329
10336
10336
10338
10339
10341
10342
10345
10347
10349
10355
10356
10358
10361
10362
10363
10368
10370
10371
10372
10373
10378
10381
10383
10387
10387
10389
10391
10392
10396
10397
10398
10399
10400
10404
10405
10406
10411
10413
10413
10413
10414
10414
10415
10419
10419
10420
10423
10426
10428
10430
10430
10433
10436
10436
10441
10442
10442
10442
10444
10449
10450
10451
10454
10454
10456
10458
10459
10459
10460
10465
10466
10467
10472
10475
10475
10477
10479
10479
10480
10480
10481
10485
10489
10490
10491
10494
10495
10497
10498
10498
10499
10500
10504
10505
10506
10508
10509
10516
10517
10522
10523
10523
10530
10531
10531
10533
10535
10535
10537
10537
10541
10542
10542
10546
10547
10560
10561
10562
10563
10564
10568
10571
10572
10574
10578
10580
10587
10588
10589
10590
10592
10595
10595
10599
10605
10607
10609
10611
10612
10615
10616
10618
10620
10624
10624
10624
10625
10628
10629
10629
10633
10633
10633
10636
10637
10638
10638
10642
10646
10647
10649
10650
10650
10650
10650
10651
10655
10656
10661
10665
10668
10670
10673
10673
10673
10675
10679
10680
10693
10694
10697
10701
10701
10705
10705
10705
10710
10710
10711
10712
10716
10717
10727
10732
10734
10736
10741
10742
10743
10743
10744
10749
10752
10753
10754
10755
10755
10761
10763
10763
10764
10766
10768
10778
10778
10785
10786
10788
10788
10788
10795
10795
10798
10803
10805
10809
10811
10816
10820
10821
10822
10824
10825
10825
10828
10832
10833
10835
10836
10839
10839
10841
10841
10842
10847
10849
10853
10855
10857
10859
10860
10860
10860
10860
10863
10872
10874
10879
10882
10883
10884
10887
10888
10890
10894
10899
10900
10906
10910
10915
10920
10922
10925
10925
10927
10929
10929
10932
10932
10935
10937
10939
10940
10946
10947
10947
10954
10956
10956
10966
10968
10968
10969
10971
10979
10981
10981
10985
10985
10986
10987
10987
10989
10990
10992
11002
11007
11010
11010
11011
11014
11015
11016
11022
11028
11031
11032
11033
11034
11035
11037
11040
11043
11044
11045
11048
11049
11050
11053
11053
11057
11057
11059
11060
11061
11063
11064
11064
11064
11068
11074
11074
11077
11079
11081
11085
11088
11088
11094
11100
11101
11106
11106
11109
11112
11112
11113
11114
11115
11119
11120
11121
11122
11122
11124
11125
11126
11126
11126
11127
11128
11133
11134
11135
11136
11136
11137
11139
11141
11143
11147
11150
11150
11151
11152
11175
11179
11187
11188
11188
11189
11196
11204
11204
11205
11211
11211
11213
11214
11214
11218
11218
11218
11219
11221
11228
11232
11234
11235
11236
11237
11239
11241
11244
11245
11247
11248
11251
11251
11252
11256
11258
11259
11265
11265
11268
11271
11271
11273
11274
11278
11280
11282
11282
11283
11283
11283
11284
11285
11290
11295
11296
11296
11299
11305
11307
11307
11309
11310
11311
11311
11313
11314
11318
11320
11323
11324
11324
11328
11328
11328
11329
11333
11333
11339
11345
11347
11348
11349
11350
11353
11355
11356
11357
11362
11368
11370
11370
11375
11378
11379
11381
11382
11383
11384
11386
11386
11386
11387
11387
11395
11395
11396
11400
11400
11400
11400
11401
11404
11405
11407
11410
11412
11413
11414
11414
11415
11416
11416
11416
11417
11418
11419
11420
11421
11422
11422
11426
11429
11429
11429
11430
11433
11437
11437
11440
11440
11445
11445
11448
11455
11456
11456
11456
11459
11459
11461
11461
11464
11469
11471
11476
11477
11479
11480
11483
11483
11486
11493
11497
11504
11505
11506
11511
11512
11514
11514
11515
11515
11515
11517
11518
11518
11519
11520
11525
11529
11529
11533
11534
11540
11547
11552
11552
11555
11555
11560
11560
11562
11566
11569
11571
11574
11577
11577
11582
11582
11583
11583
11591
11592
11598
11600
11601
11605
11605
11607
11608
11610
11611
11619
11621
11621
11627
11628
11634
11636
11638
11641
11642
11643
11645
11647
11648
11652
11652
11656
11658
11665
11666
11667
11672
11674
11678
11678
11679
11680
11681
11682
11683
11683
11686
11687
11687
11690
11691
11693
11693
11695
11695
11695
11695
11697
11701
11701
11704
11706
11708
11711
11711
11715
11718
11720
11722
11722
11725
11728
11731
11734
11736
11736
11737
11738
11740
11743
11745
11747
11747
11747
11749
11750
11751
11753
11753
11754
11755
11759
11762
11763
11773
11776
11778
11780
11782
11785
11792
11797
11798
11799
11807
11807
11808
11810
11811
11814
11816
11818
11819
11821
11830
11834
11835
11835
11839
11843
11843
11844
11844
11848
11850
11852
11855
11855
11859
11860
11863
11863
11864
11864
11865
11866
11867
11869
11871
11874
11874
11874
11878
11880
11882
11883
11885
11891
11891
11894
11895
11897
11899
11901
11902
11903
11910
11915
11917
11918
11922
11923
11923
11925
11926
11926
11926
11927
11928
11928
11930
11931
11935
11935
11936
11938
11939
11940
11946
11951
11958
11959
11961
11962
11963
11964
11974
11974
11976
11977
11978
11983
11983
11984
11989
11993
11993
11997
12004
12005
12011
12012
12019
12023
12024
12027
12029
12029
12030
12031
12037
12039
12040
12040
12043
12043
12046
12046
12049
12052
12054
12055
12060
12062
12062
12062
12063
12066
12067
12070
12071
12073
12077
12078
12080
12081
12084
12086
12095
12096
12099
12100
12101
12102
12103
12107
12108
12108
12108
12110
12112
12113
12113
12113
12117
12119
12124
12125
12130
12130
12131
12132
12139
12141
12142
12146
12146
12146
12147
12161
12163
12163
12166
12168
12172
12173
12174
12175
12178
12181
12182
12183
12184
12188
12191
12193
12194
12195
12196
12197
12198
12202
12210
12213
12217
12219
12221
12221
12222
12224
12224
12227
12227
12231
12231
12232
12234
12235
12237
12240
12241
12249
12249
12251
12259
12259
12260
12260
12261
12261
12262
12262
12263
12264
12266
12275
12281
12284
12287
12289
12289
12290
12290
12293
12297
12301
12301
12303
12304
12307
12314
12322
12322
12328
12329
12332
12334
12335
12337
12338
12341
12343
12345
12347
12348
12349
12352
12358
12358
12360
12361
12365
12367
12368
12368
12369
12369
12370
12370
12382
12385
12388
12389
12392
12394
12398
12398
12399
12400
12400
12403
12404
12404
12406
12408
12417
12419
12421
12423
12426
12427
12427
12431
12441
12443
12445
12451
12453
12454
12456
12457
12460
12460
12460
12460
12462
12464
12470
12470
12472
12476
12476
12477
12477
12477
12483
12485
12488
12488
12492
12493
12494
12494
12507
12507
12510
12510
12512
12514
12520
12520
12522
12522
12527
12529
12531
12531
12531
12532
12532
12532
12534
12537
12537
12539
12540
12540
12542
12543
12544
12546
12547
12547
12550
12551
12555
12556
12557
12558
12559
12560
12568
12570
12574
12578
12579
12584
12587
12590
12590
12594
12594
12597
12603
12610
12612
12613
12615
12615
12616
12620
12622
12624
12625
12625
12626
12628
12630
12630
12635
12639
12642
12644
12646
12646
12650
12655
12656
12663
12671
12671
12673
12675
12676
12676
12679
12680
12680
12683
12688
12691
12691
12695
12697
12699
12700
12705
12705
12710
12714
12714
12719
12719
12728
12730
12731
12733
12740
12746
12746
12748
12748
12750
12755
12756
12757
12761
12763
12765
12766
12767
12768
12772
12772
12774
12776
12780
12784
12784
12784
12786
12787
12788
12788
12789
12793
12794
12796
12803
12804
12804
12806
12809
12812
12813
12814
12815
12819
12820
12823
12825
12828
12835
12840
12840
12846
12854
12855
12859
12863
12866
12867
12869
12869
12869
12871
12874
12878
12882
12887
12887
12888
12890
12890
12891
12893
12895
12898
12904
12905
12907
12908
12911
12913
12914
12916
12917
12917
12922
12922
12923
12923
12925
12926
12926
12927
12929
12929
12929
12938
12939
12940
12944
12947
12948
12949
12959
12959
12961
12964
12965
12965
12969
12971
12971
12972
12974
12976
12978
12978
12978
12986
12989
12991
12991
12991
12997
13003
13012
13013
13015
13017
13017
13017
13018
13021
13022
13022
13023
13026
13027
13027
13028
13028
13031
13032
13033
13037
13039
13043
13044
13044
13046
13049
13052
13053
13055
13059
13062
13067
13067
13069
13071
13071
13076
13078
13079
13080
13083
13085
13086
13087
13088
13090
13091
13093
13093
13099
13101
13101
13104
13108
13111
13114
13118
13123
13124
13127
13129
13130
13130
13131
13132
13138
13146
13148
13149
13149
13150
13151
13155
13158
13159
13165
13166
13167
13169
13171
13173
13175
13179
13179
13179
13180
13183
13185
13193
13196
13196
13196
13201
13203
13207
13222
13224
13225
13226
13229
13229
13229
13230
13233
13235
13235
13238
13238
13240
13241
13244
13244
13248
13249
13252
13257
13259
13264
13266
13268
13270
13274
13275
13275
13276
13277
13281
13282
13283
13283
13283
13285
13285
13289
13289
13298
13300
13304
13311
13312
13312
13313
13321
13322
13323
13325
13331
13334
13335
13337
13346
13347
13349
13355
13356
13356
13365
13366
13368
13369
13370
13372
13372
13377
13378
13378
13380
13382
13387
13388
13390
13390
13390
13391
13395
13398
13398
13404
13404
13406
13414
13417
13417
13419
13420
13420
13421
13424
13424
13425
13426
13427
13428
13433
13435
13436
13436
13437
13440
13444
13446
13448
13451
13456
13456
13457
13457
13459
13459
13464
13469
13474
13476
13477
13479
13482
13485
13489
13490
13493
13496
13496
13497
13499
13499
13499
13499
13501
13504
13507
13509
13510
13513
13516
13516
13521
13523
13523
13526
13528
13532
13533
13533
13533
13534
13534
13536
13540
13542
13545
13547
13552
13558
13559
13559
13562
13565
13567
13573
13575
13577
13579
13579
13581
13582
13583
13584
13586
13588
13588
13597
13602
13603
13605
13606
13608
13608
13617
13619
13620
13628
13631
13632
13632
13634
13635
13636
13637
13637
13640
13640
13641
13642
13643
13648
13650
13653
13654
13657
13658
13659
13662
13663
13664
13676
13679
13679
13681
13681
13687
13691
13692
13694
13694
13695
13695
13696
13696
13700
13703
13708
13710
13710
13712
13713
13714
13714
13717
13722
13722
13726
13733
13735
13738
13738
13739
13744
13744
13745
13750
13754
13756
13758
13762
13766
13774
13774
13774
13780
13782
13783
13787
13789
13792
13796
13798
13799
13800
13804
13808
13809
13810
13812
13812
13814
13818
13824
13824
13829
13830
13832
13832
13835
13838
13842
13847
13847
13848
13848
13849
13856
13857
13860
13861
13865
13870
13874
13877
13880
13884
13885
13887
13888
13888
13888
13888
13892
13894
13895
13896
13897
13898
13899
13900
13902
13910
13911
13913
13914
13921
13922
13923
13927
13930
13930
13931
13932
13934
13937
13938
13939
13940
13944
13944
13945
13946
13946
13947
13947
13952
13956
13957
13959
13960
13965
13971
13972
13973
13981
13982
13985
13987
13987
13988
13992
13992
13993
13995
13996
13997
13998
14000
14001
14008
14008
14011
14012
14012
14012
14017
14020
14021
14022
14024
14025
14025
14027
14030
14032
14032
14034
14036
14037
14039
14040
14045
14050
14054
14054
14059
14060
14060
14061
14064
14067
14068
14070
14073
14073
14074
14074
14076
14077
14077
14078
14080
14080
14085
14089
14090
14090
14099
14099
14100
14100
14101
14103
14105
14105
14107
14108
14110
14110
14111
14111
14112
14113
14117
14117
14120
14122
14123
14125
14125
14131
14136
14136
14137
14139
14139
14140
14141
14143
14144
14146
14148
14148
14150
14151
14153
14153
14157
14158
14159
14160
14161
14162
14162
14169
14169
14169
14171
14171
14173
14174
14175
14181
14182
14184
14188
14193
14193
14193
14193
14195
14200
14201
14204
14207
14210
14210
14210
14212
14213
14214
14214
14224
14226
14229
14232
14233
14233
14234
14239
14240
14241
14249
14250
14252
14255
14258
14259
14262
14262
14267
14267
14270
14271
14275
14276
14278
14279
14280
14280
14283
14286
14286
14290
14290
14290
14304
14306
14308
14309
14310
14310
14310
14311
14312
14313
14315
14316
14317
14317
14318
14318
14320
14323
14325
14331
14331
14337
14337
14341
14342
14343
14343
14344
14345
14346
14347
14353
14355
14355
14356
14357
14357
14357
14359
14364
14368
14371
14371
14377
14379
14383
14385
14386
14388
14392
14394
14394
14398
14400
14404
14404
14408
14410
14413
14415
14419
14425
14426
14428
14428
14429
14430
14433
14434
14434
14437
14439
14442
14443
14445
14446
14452
14452
14454
14455
14458
14458
14464
14464
14464
14464
14465
14467
14468
14469
14472
14473
14473
14478
14479
14480
14481
14483
14485
14485
14487
14491
14493
14503
14505
14506
14506
14510
14510
14515
14516
14519
14525
14527
14528
14537
14538
14540
14543
14544
14544
14544
14545
14547
14547
14547
14550
14552
14555
14562
14567
14570
14571
14572
14576
14581
14583
14583
14586
14586
14587
14588
14591
14592
14593
14600
14601
14602
14603
14604
14606
14610
14614
14618
14619
14619
14623
14626
14631
14632
14639
14640
14641
14641
14649
14652
14655
14657
14659
14659
14661
14661
14663
14664
14665
14669
14670
14672
14674
14675
14676
14677
14677
14678
14679
14684
14686
14686
14688
14693
14697
14705
14706
14707
14712
14712
14713
14723
14726
14726
14731
14731
14733
14733
14734
14739
14741
14749
14751
14753
14754
14754
14755
14758
14758
14758
14769
14770
14773
14778
14781
14783
14785
14785
14787
14787
14788
14788
14790
14795
14797
14798
14798
14803
14805
14810
14811
14811
14812
14812
14820
14820
14823
14823
14824
14827
14828
14829
14833
14834
14836
14837
14837
14837
14838
14839
14839
14843
14843
14845
14847
14847
14848
14849
14851
14852
14852
14853
14854
14855
14858
14858
14858
14859
14859
14869
14876
14879
14883
14883
14884
14885
14891
14892
14895
14899
14899
14900
14903
14904
14905
14905
14906
14909
14909
14911
14912
14913
14914
14919
14927
14929
14934
14935
14936
14937
14938
14939
14943
14944
14946
14948
14950
14950
14952
14953
14953
14957
14961
14965
14965
14976
14984
14984
14988
14996
15000
15004
15006
15009
15010
15010
15011
15014
15014
15016
15018
15020
15022
15025
15027
15028
15029
15032
15037
15037
15039
15040
15040
15043
15045
15045
15045
15048
15051
15051
15052
15052
15053
15059
15063
15065
15078
15080
15082
15086
15088
15089
15089
15090
15092
15092
15093
15097
15097
15098
15107
15108
15109
15109
15114
15115
15118
15125
15125
15135
15137
15140
15143
15145
15148
15150
15151
15151
15151
15152
15153
15154
15156
15157
15160
15161
15165
15166
15166
15172
15174
15178
15179
15180
15183
15189
15194
15194
15196
15199
15202
15203
15206
15206
15207
15212
15213
15216
15216
15219
15220
15222
15224
15226
15228
15235
15237
15238
15245
15246
15246
15251
15251
15259
15264
15265
15268
15268
15270
15273
15276
15279
15287
15289
15292
15292
15293
15293
15294
15294
15295
15300
15300
15304
15308
15309
15310
15312
15313
15313
15314
15318
15318
15320
15321
15322
15326
15329
15330
15330
15330
15331
15335
15338
15340
15342
15346
15349
15350
15351
15355
15355
15357
15362
15363
15363
15364
15367
15368
15370
15371
15372
15376
15379
15382
15385
15386
15394
15396
15398
15398
15401
15407
15409
15413
15415
15415
15418
15418
15420
15422
15424
15426
15430
15437
15439
15440
15441
15442
15443
15445
15446
15447
15449
15452
15456
15463
15464
15464
15469
15470
15474
15477
15481
15482
15483
15485
15495
15496
15499
15502
15502
15504
15504
15505
15506
15509
15510
15513
15514
15515
15516
15517
15517
15518
15519
15520
15522
15523
15526
15531
15538
15538
15541
15542
15543
15545
15547
15548
15551
15555
15556
15557
15559
15561
15565
15565
15569
15570
15570
15573
15576
15577
15582
15583
15585
15585
15586
15586
15589
15589
15591
15593
15595
15596
15600
15603
15605
15607
15608
15608
15612
15613
15614
15616
15618
15622
15625
15625
15626
15626
15629
15629
15634
15642
15644
15645
15659
15660
15664
15665
15666
15671
15672
15673
15676
15682
15682
15684
15686
15688
15690
15698
15700
15703
15703
15704
15709
15715
15715
15718
15718
15720
15720
15724
15725
15728
15729
15730
15731
15731
15734
15734
15737
15738
15738
15740
15744
15749
15754
15756
15764
15765
15767
15767
15768
15769
15771
15777
15780
15781
15785
15789
15791
15795
15795
15798
15798
15799
15801
15802
15803
15803
15806
15808
15809
15812
15814
15821
15821
15824
15824
15825
15827
15828
15830
15834
15835
15839
15841
15843
15844
15844
15848
15848
15854
15854
15857
15857
15866
15866
15867
15868
15870
15873
15873
15874
15874
15898
15898
15899
15901
15902
15904
15905
15907
15908
15909
15913
15918
15919
15921
15921
15922
15929
15930
15936
15939
15940
15940
15942
15943
15943
15944
15946
15947
15947
15950
15951
15956
15961
15961
15965
15965
15966
15968
15970
15972
15972
15973
15978
15979
15983
15983
15984
15984
15987
15988
15992
15995
15999
16002
16003
16004
16006
16008
16009
16012
16014
16015
16016
16023
16028
16033
16040
16040
16040
16044
16045
16046
16049
16050
16052
16052
16052
16052
16057
16060
16060
16061
16064
16067
16073
16078
16083
16083
16085
16088
16095
16100
16104
16105
16106
16107
16107
16107
16108
16108
16111
16121
16121
16123
16125
16126
16130
16130
16131
16133
16133
16134
16137
16140
16143
16145
16148
16150
16153
16154
16157
16158
16163
16166
16168
16168
16168
16172
16172
16175
16178
16183
16189
16190
16192
16194
16201
16202
16202
16202
16208
16210
16212
16212
16216
16217
16217
16218
16218
16225
16225
16226
16226
16227
16228
16228
16231
16232
16235
16236
16237
16237
16237
16238
16239
16240
16241
16242
16242
16243
16244
16245
16248
16253
16256
16260
16260
16261
16266
16270
16270
16275
16278
16286
16286
16286
16288
16288
16292
16293
16295
16296
16298
16300
16300
16300
16302
16304
16306
16307
16307
16309
16311
16318
16318
16320
16320
16321
16324
16329
16330
16330
16331
16333
16335
16336
16337
16340
16341
16341
16344
16344
16344
16356
16358
16359
16362
16362
16364
16365
16367
16368
16371
16377
16379
16380
16381
16381
16383
16384
16388
16389
16395
16400
16401
16402
16405
16406
16414
16415
16418
16420
16420
16423
16423
16424
16430
16434
16436
16437
16438
16439
16441
16441
16441
16442
16445
16445
16448
16454
16461
16462
16463
16470
16474
16475
16477
16477
16477
16479
16480
16482
16484
16484
16485
16489
16489
16489
16490
16491
16493
16495
16496
16499
16500
16501
16503
16505
16506
16509
16512
16516
16516
16518
16519
16520
16525
16529
16529
16530
16531
16535
16537
16540
16542
16543
16544
16545
16547
16550
16551
16560
16567
16570
16571
16573
16576
16577
16581
16582
16583
16585
16585
16586
16587
16590
16590
16601
16603
16606
16615
16615
16618
16621
16621
16630
16632
16633
16633
16638
16642
16648
16649
16650
16651
16651
16652
16653
16655
16657
16667
16668
16670
16674
16676
16682
16682
16685
16688
16690
16691
16694
16698
16701
16703
16711
16711
16717
16720
16722
16725
16726
16728
16729
16729
16730
16731
16731
16733
16736
16742
16745
16747
16747
16751
16762
16762
16763
16766
16767
16770
16773
16775
16775
16778
16780
16781
16784
16788
16792
16793
16794
16795
16796
16796
16799
16800
16802
16804
16807
16807
16808
16808
16814
16814
16819
16824
16825
16826
16827
16827
16830
16832
16833
16834
16837
16839
16843
16846
16850
16851
16853
16863
16864
16867
16867
16874
16875
16880
16881
16882
16888
16889
16892
16893
16895
16898
16899
16900
16901
16905
16908
16911
16919
16926
16926
16931
16932
16933
16941
16946
16950
16951
16951
16955
16957
16958
16962
16964
16970
16974
16975
16977
16977
16977
16983
16985
16987
16988
16990
16991
16993
17000
17000
17002
17002
17007
17011
17013
17015
17019
17020
17021
17024
17027
17031
17035
17037
17039
17040
17043
17046
17046
17050
17051
17054
17056
17058
17059
17059
17064
17065
17067
17068
17069
17070
17074
17074
17075
17076
17081
17082
17085
17087
17090
17093
17097
17099
17100
17102
17104
17106
17109
17109
17109
17112
17113
17116
17118
17122
17122
17122
17126
17127
17130
17132
17133
17135
17136
17136
17140
17141
17145
17148
17149
17149
17150
17155
17155
17157
17157
17158
17159
17166
17167
17167
17173
17173
17173
17177
17178
17185
17187
17192
17198
17199
17205
17208
17209
17210
17216
17220
17221
17224
17224
17227
17231
17233
17234
17237
17238
17239
17239
17239
17239
17241
17248
17249
17250
17252
17252
17254
17254
17257
17261
17266
17267
17268
17273
17274
17274
17276
17277
17278
17280
17280
17283
17284
17284
17288
17291
17293
17299
17304
17313
17315
17322
17324
17326
17328
17329
17331
17336
17339
17344
17344
17347
17347
17349
17353
17354
17355
17358
17365
17370
17371
17385
17385
17386
17386
17389
17391
17391
17400
17405
17406
17407
17407
17416
17416
17416
17418
17422
17423
17435
17438
17439
17440
17441
17442
17442
17445
17445
17451
17452
17460
17461
17465
17467
17470
17471
17474
17474
17478
17481
17488
17491
17494
17497
17497
17499
17499
17505
17507
17508
17509
17510
17510
17511
17514
17515
17517
17519
17519
17520
17522
17525
17525
17528
17529
17530
17531
17533
17539
17539
17543
17543
17544
17545
17549
17549
17550
17552
17554
17554
17555
17555
17557
17559
17561
17564
17564
17567
17569
17570
17572
17575
17576
17581
17582
17582
17582
17583
17583
17584
17590
17593
17593
17596
17596
17597
17600
17602
17604
17604
17605
17606
17607
17607
17614
17614
17615
17616
17620
17620
17621
17621
17631
17634
17634
17636
17640
17642
17642
17644
17644
17645
17647
17650
17650
17652
17652
17653
17654
17654
17654
17656
17656
17657
17659
17660
17664
17664
17667
17668
17675
17678
17679
17679
17680
17683
17689
17689
17693
17693
17694
17698
17698
17703
17707
17710
17711
17712
17712
17713
17714
17715
17718
17719
17721
17725
17734
17734
17736
17748
17750
17754
17755
17755
17759
17759
17759
17765
17767
17768
17769
17769
17770
17778
17780
17780
17782
17784
17788
17792
17793
17796
17796
17803
17806
17806
17812
17812
17813
17814
17815
17815
17816
17817
17817
17819
17822
17826
17826
17827
17832
17832
17836
17841
17841
17841
17852
17854
17856
17856
17859
17861
17864
17867
17867
17873
17882
17882
17883
17886
17886
17887
17892
17895
17896
17897
17898
17900
17904
17905
17910
17912
17912
17913
17914
17915
17918
17922
17922
17923
17923
17926
17926
17927
17928
17929
17932
17933
17935
17935
17938
17940
17941
17942
17950
17950
17952
17955
17958
17963
17965
17967
17969
17975
17981
17983
17984
17987
17988
17993
17994
17997
17997
18002
18002
18005
18005
18007
18020
18022
18022
18025
18026
18026
18028
18032
18033
18038
18042
18044
18045
18047
18048
18050
18052
18057
18059
18059
18059
18063
18063
18064
18064
18065
18069
18071
18073
18077
18078
18081
18083
18084
18088
18090
18092
18093
18094
18095
18100
18100
18105
18108
18109
18111
18115
18116
18118
18121
18122
18123
18123
18125
18127
18132
18135
18136
18136
18139
18156
18157
18159
18163
18163
18164
18165
18168
18171
18171
18174
18174
18176
18178
18179
18180
18182
18183
18184
18185
18186
18187
18189
18193
18196
18197
18203
18203
18205
18210
18211
18212
18214
18217
18218
18218
18223
18223
18225
18226
18226
18227
18228
18230
18230
18236
18240
18240
18245
18247
18253
18257
18258
18262
18267
18273
18273
18284
18285
18286
18290
18290
18294
18298
18299
18300
18301
18305
18307
18311
18314
18314
18315
18316
18318
18319
18322
18325
18328
18330
18330
18330
18331
18333
18335
18338
18341
18342
18343
18344
18347
18348
18350
18352
18353
18353
18354
18356
18356
18363
18363
18366
18367
18373
18377
18377
18377
18382
18384
18385
18390
18390
18394
18398
18398
18398
18405
18406
18406
18407
18408
18409
18413
18413
18417
18417
18418
18419
18420
18421
18425
18426
18432
18438
18438
18439
18439
18439
18445
18449
18449
18453
18462
18464
18466
18467
18468
18473
18474
18475
18475
18479
18481
18482
18485
18486
18489
18491
18493
18493
18494
18494
18497
18499
18503
18505
18506
18507
18509
18512
18513
18516
18518
18524
18527
18532
18534
18535
18535
18541
18542
18544
18546
18547
18550
18554
18555
18566
18566
18568
18573
18574
18575
18578
18579
18581
18585
18591
18598
18600
18605
18607
18608
18610
18611
18612
18617
18617
18619
18619
18620
18621
18624
18625
18635
18636
18642
18644
18644
18644
18645
18646
18647
18650
18651
18657
18657
18657
18660
18660
18663
18665
18667
18670
18677
18682
18683
18683
18687
18689
18689
18692
18693
18694
18696
18697
18698
18700
18703
18704
18705
18705
18705
18709
18711
18713
18714
18714
18716
18718
18719
18721
18722
18723
18724
18726
18728
18729
18729
18729
18730
18734
18735
18737
18742
18745
18746
18746
18747
18754
18758
18766
18767
18767
18768
18771
18773
18774
18775
18776
18777
18778
18784
18786
18791
18796
18797
18797
18798
18800
18801
18806
18812
18814
18816
18816
18817
18820
18820
18822
18823
18828
18833
18834
18836
18836
18840
18841
18846
18848
18849
18849
18851
18851
18853
18856
18857
18858
18865
18867
18868
18872
18873
18877
18883
18884
18886
18898
18899
18904
18904
18905
18906
18907
18909
18913
18913
18916
18917
18917
18919
18919
18922
18925
18927
18929
18931
18932
18932
18932
18932
18933
18936
18936
18937
18937
18940
18943
18944
18949
18952
18953
18957
18958
18959
18960
18963
18966
18968
18973
18973
18973
18974
18975
18979
18979
18987
18988
18989
18991
18993
18995
18996
18996
19002
19002
19002
19003
19004
19004
19007
19013
19014
19014
19018
19019
19021
19024
19036
19038
19040
19041
19041
19044
19050
19050
19052
19052
19052
19052
19057
19059
19064
19073
19076
19078
19080
19081
19086
19087
19091
19092
19094
19095
19095
19098
19099
19099
19100
19100
19100
19101
19101
19105
19106
19106
19107
19107
19113
19115
19116
19118
19120
19121
19122
19126
19128
19130
19132
19134
19136
19137
19141
19141
19145
19145
19146
19147
19148
19150
19150
19153
19155
19160
19160
19161
19162
19163
19167
19168
19176
19180
19181
19187
19188
19189
19191
19193
19196
19199
19199
19199
19201
19204
19205
19205
19209
19209
19210
19216
19219
19222
19226
19226
19229
19235
19237
19239
19242
19242
19242
19243
19244
19247
19251
19252
19254
19255
19266
19267
19270
19270
19270
19271
19271
19271
19272
19275
19278
19283
19285
19285
19288
19292
19295
19303
19306
19308
19311
19313
19315
19315
19318
19319
19319
19320
19325
19326
19328
19330
19332
19333
19334
19340
19341
19341
19342
19346
19350
19350
19351
19352
19353
19354
19358
19361
19364
19365
19366
19373
19374
19375
19378
19379
19379
19384
19387
19389
19392
19396
19397
19397
19398
19398
19403
19406
19408
19410
19410
19411
19412
19414
19414
19417
19418
19420
19421
19421
19422
19425
19430
19431
19434
19434
19434
19434
19436
19436
19444
19444
19448
19452
19457
19458
19460
19461
19463
19473
19477
19481
19482
19486
19489
19491
19492
19492
19495
19501
19501
19504
19506
19507
19515
19515
19516
19519
19521
19524
19534
19543
19544
19544
19545
19547
19548
19553
19554
19555
19556
19560
19563
19563
19566
19566
19568
19570
19571
19572
19572
19573
19576
19579
19581
19582
19583
19584
19587
19587
19587
19588
19594
19596
19599
19601
19602
19603
19603
19608
19608
19609
19611
19611
19612
19615
19616
19617
19619
19622
19622
19622
19623
19626
19628
19629
19631
19633
19634
19638
19641
19643
19644
19645
19650
19653
19657
19658
19664
19666
19670
19671
19675
19682
19682
19683
19686
19688
19688
19688
19690
19691
19692
19692
19694
19696
19697
19698
19700
19700
19702
19707
19711
19717
19718
19720
19722
19723
19723
19729
19729
19732
19732
19739
19740
19744
19745
19749
19750
19753
19754
19755
19758
19758
19759
19759
19763
19763
19764
19764
19771
19771
19771
19778
19782
19785
19785
19786
19792
19801
19803
19804
19804
19804
19805
19808
19810
19812
19815
19815
19817
19817
19818
19818
19820
19821
19825
19828
19834
19835
19836
19840
19840
19840
19842
19842
19842
19842
19843
19846
19849
19849
19851
19853
19854
19861
19864
19864
19865
19867
19868
19870
19870
19874
19875
19878
19881
19883
19883
19885
19885
19886
19888
19891
19897
19899
19902
19907
19907
19909
19911
19912
19913
19913
19914
19914
19918
19920
19922
19924
19924
19926
19933
19939
19939
19941
19942
19948
19949
19950
19950
19950
19952
19955
19959
19960
19961
19962
19963
19966
19967
19976
19978
19980
19981
19987
19988
19988
19993
19994
20003
20003
20006
20009
20009
20010
20010
20013
20015
20024
20025
20030
20033
20034
20035
20035
20038
20039
20041
20043
20044
20045
20047
20051
20052
20054
20058
20061
20064
20067
20068
20071
20072
20073
20074
20077
20080
20080
20083
20083
20088
20089
20091
20094
20095
20099
20101
20118
20121
20121
20124
20132
20133
20134
20136
20139
20145
20147
20147
20148
20150
20152
20152
20153
20154
20154
20154
20157
20159
20164
20170
20171
20171
20177
20178
20182
20186
20188
20191
20191
20193
20194
20194
20195
20197
20199
20200
20203
20203
20207
20208
20209
20210
20211
20212
20223
20224
20224
20225
20230
20235
20238
20238
20245
20245
20245
20247
20250
20251
20251
20252
20252
20252
20253
20255
20258
20259
20260
20261
20263
20263
20266
20266
20269
20271
20274
20274
20275
20279
20282
20282
20285
20286
20286
20287
20288
20295
20295
20295
20298
20302
20302
20303
20304
20305
20306
20307
20308
20309
20309
20311
20316
20317
20317
20317
20319
20323
20328
20329
20331
20336
20338
20341
20342
20345
20346
20346
20347
20348
20350
20358
20358
20360
20362
20362
20365
20366
20367
20367
20371
20372
20376
20379
20379
20381
20384
20385
20386
20388
20390
20393
20393
20393
20394
20394
20396
20398
20398
20399
20403
20404
20405
20410
20412
20412
20413
20413
20414
20415
20417
20420
20420
20421
20422
20426
20430
20430
20432
20434
20445
20447
20448
20449
20455
20456
20458
20459
20461
20467
20468
20473
20475
20480
20481
20482
20482
20484
20490
20494
20496
20499
20500
20502
20505
20505
20508
20512
20515
20519
20519
20521
20524
20526
20527
20528
20529
20530
20531
20533
20534
20535
20536
20540
20542
20545
20548
20550
20551
20552
20553
20556
20559
20561
20564
20568
20568
20569
20570
20575
20577
20578
20579
20580
20580
20581
20587
20589
20590
20592
20593
20595
20596
20599
20600
20601
20604
20605
20606
20607
20616
20617
20617
20621
20628
20629
20631
20637
20640
20643
20645
20650
20651
20653
20653
20654
20656
20662
20662
20665
20666
20670
20670
20671
20673
20676
20677
20680
20681
20684
20685
20689
20694
20695
20696
20701
20702
20704
20704
20711
20715
20717
20717
20718
20724
20724
20732
20734
20736
20738
20744
20747
20748
20748
20750
20752
20756
20760
20761
20762
20766
20768
20769
20771
20771
20776
20777
20778
20780
20782
20786
20792
20792
20794
20797
20798
20799
20800
20801
20802
20802
20803
20808
20810
20821
20821
20825
20825
20840
20842
20842
20843
20848
20851
20852
20854
20854
20856
20857
20858
20858
20858
20860
20860
20860
20860
20868
20868
20870
20874
20877
20878
20882
20883
20887
20887
20890
20894
20895
20896
20897
20899
20900
20902
20903
20905
20912
20916
20916
20916
20917
20920
20923
20926
20929
20930
20932
20933
20934
20935
20935
20937
20938
20938
20940
20942
20944
20946
20946
20947
20948
20948
20951
20953
20954
20956
20959
20960
20964
20967
20970
20972
20973
20976
20980
20983
20989
20989
20990
20991
20996
20999
21000
21002
21005
21006
21007
21007
21012
21023
21023
21023
21026
21032
21041
21041
21043
21046
21051
21052
21053
21055
21057
21057
21058
21061
21062
21063
21068
21069
21070
21071
21072
21085
21087
21089
21090
21092
21100
21100
21107
21107
21108
21108
21109
21111
21120
21124
21133
21135
21136
21139
21140
21141
21141
21141
21148
21149
21154
21161
21164
21167
21169
21173
21181
21182
21183
21184
21189
21195
21202
21204
21204
21209
21211
21211
21212
21213
21214
21217
21218
21222
21224
21226
21226
21231
21232
21233
21235
21235
21243
21248
21248
21257
21257
21259
21260
21265
21267
21267
21267
21268
21270
21271
21275
21277
21277
21278
21278
21280
21280
21281
21285
21286
21287
21294
21297
21300
21302
21304
21304
21305
21309
21316
21316
21317
21319
21321
21322
21322
21324
21334
21334
21337
21339
21339
21341
21346
21347
21347
21348
21357
21362
21363
21364
21367
21369
21378
21378
21378
21380
21382
21384
21385
21386
21389
21389
21392
21392
21395
21396
21397
21398
21398
21398
21401
21401
21405
21410
21411
21411
21413
21414
21415
21416
21416
21421
21421
21422
21424
21424
21425
21428
21430
21432
21432
21432
21434
21435
21435
21437
21440
21445
21452
21454
21455
21460
21460
21461
21461
21469
21473
21476
21478
21478
21479
21479
21482
21484
21487
21488
21488
21489
21490
21490
21494
21497
21500
21501
21502
21503
21504
21504
21506
21507
21515
21515
21515
21517
21518
21521
21521
21523
21524
21524
21532
21534
21536
21537
21541
21546
21553
21553
21554
21555
21561
21561
21562
21563
21565
21565
21566
21572
21577
21582
21582
21583
21583
21584
21588
21589
21590
21591
21591
21592
21597
21598
21602
21603
21604
21605
21606
21610
21611
21613
21614
21614
21615
21618
21619
21621
21623
21623
21623
21623
21632
21639
21651
21651
21651
21653
21654
21654
21657
21658
21662
21663
21664
21665
21666
21667
21669
21670
21674
21675
21675
21678
21678
21680
21681
21684
21691
21694
21695
21698
21699
21708
21714
21715
21716
21717
21721
21721
21723
21725
21726
21728
21729
21730
21731
21731
21733
21734
21739
21742
21742
21746
21747
21747
21748
21749
21749
21750
21752
21753
21754
21754
21757
21758
21760
21764
21767
21768
21772
21772
21778
21779
21780
21781
21784
21787
21788
21790
21793
21793
21795
21798
21798
21806
21807
21807
21808
21811
21812
21812
21819
21822
21825
21825
21834
21836
21838
21845
21851
21851
21857
21857
21858
21860
21860
21863
21864
21864
21869
21874
21874
21874
21874
21878
21880
21881
21882
21891
21893
21895
21896
21897
21898
21898
21900
21900
21900
21902
21902
21904
21905
21908
21918
21925
21929
21930
21931
21932
21935
21935
21937
21940
21949
21956
21957
21957
21961
21968
21969
21973
21973
21973
21975
21979
21979
21982
21982
21983
21983
21988
21990
21993
21994
22000
22000
22000
22001
22002
22007
22008
22009
22012
22015
22018
22018
22018
22020
22024
22027
22030
22031
22031
22031
22032
22042
22054
22057
22063
22065
22068
22068
22071
22073
22074
22082
22083
22084
22096
22096
22099
22100
22105
22108
22116
22117
22117
22118
22126
22131
22132
22134
22140
22141
22142
22146
22147
22149
22152
22152
22153
22156
22157
22161
22162
22170
22170
22173
22173
22175
22175
22178
22182
22182
22187
22188
22191
22191
22193
22195
22198
22198
22201
22203
22204
22205
22207
22211
22219
22221
22223
22234
22235
22235
22236
22238
22240
22244
22244
22245
22245
22246
22248
22250
22251
22251
22253
22254
22255
22257
22259
22262
22265
22268
22270
22270
22271
22272
22273
22276
22276
22277
22278
22278
22282
22282
22284
22287
22288
22288
22294
22294
22295
22296
22297
22299
22300
22300
22305
22308
22308
22311
22316
22316
22322
22325
22326
22330
22336
22336
22336
22338
22339
22343
22343
22345
22347
22353
22354
22357
22358
22362
22363
22367
22371
22372
22376
22381
22386
22386
22387
22387
22388
22391
22393
22394
22401
22404
22409
22420
22421
22423
22424
22428
22432
22434
22436
22439
22441
22445
22448
22449
22451
22451
22452
22452
22453
22455
22456
22458
22460
22467
22468
22469
22472
22474
22476
22480
22480
22482
22484
22486
22487
22488
22493
22493
22493
22495
22496
22497
22502
22506
22510
22512
22513
22514
22515
22516
22518
22519
22522
22523
22525
22528
22531
22533
22535
22538
22540
22542
22542
22545
22545
22550
22552
22553
22559
22561
22567
22569
22570
22572
22574
22576
22578
22585
22586
22590
22593
22594
22599
22606
22609
22609
22609
22611
22612
22615
22622
22624
22625
22625
22626
22631
22632
22633
22635
22639
22641
22644
22644
22648
22653
22654
22656
22658
22658
22660
22663
22665
22667
22668
22669
22677
22680
22681
22682
22683
22683
22686
22686
22688
22688
22689
22689
22690
22706
22709
22709
22710
22719
22724
22725
22733
22735
22738
22740
22741
22744
22745
22748
22750
22751
22753
22755
22756
22760
22760
22764
22766
22767
22771
22773
22775
22781
22781
22781
22782
22785
22786
22787
22788
22797
22798
22799
22802
22804
22806
22808
22813
22814
22816
22821
22825
22826
22827
22827
22834
22840
22843
22843
22844
22846
22850
22852
22853
22861
22861
22863
22865
22869
22875
22876
22877
22877
22878
22879
22881
22887
22887
22888
22888
22889
22892
22894
22895
22895
22900
22903
22903
22904
22906
22912
22915
22916
22917
22918
22923
22925
22926
22929
22932
22932
22933
22936
22937
22938
22940
22941
22946
22946
22947
22949
22949
22952
22960
22962
22963
22964
22967
22968
22972
22975
22976
22979
22983
22983
22985
22986
22987
22990
22990
22990
22992
22992
23000
23004
23006
23012
23013
23014
23016
23020
23021
23022
23022
23024
23026
23028
23028
23033
23036
23036
23036
23041
23044
23050
23054
23058
23058
23060
23061
23061
23062
23064
23066
23067
23068
23072
23072
23074
23075
23078
23079
23082
23084
23086
23087
23087
23088
23089
23091
23092
23093
23100
23106
23110
23114
23115
23116
23117
23121
23122
23127
23128
23128
23129
23133
23134
23139
23143
23146
23147
23148
23152
23153
23157
23157
23162
23164
23166
23172
23173
23175
23175
23175
23178
23180
23182
23182
23184
23186
23192
23195
23198
23202
23209
23220
23223
23224
23225
23226
23229
23230
23235
23236
23236
23239
23239
23241
23244
23252
23254
23256
23258
23259
23260
23264
23265
23268
23269
23269
23271
23272
23277
23279
23281
23281
23283
23287
23289
23290
23292
23297
23299
23300
23302
23306
23309
23311
23316
23316
23316
23318
23319
23320
23322
23323
23325
23327
23328
23331
23334
23334
23337
23338
23344
23345
23347
23349
23351
23352
23354
23356
23356
23357
23359
23360
23361
23364
23366
23367
23371
23371
23372
23373
23376
23379
23380
23381
23386
23387
23392
23395
23396
23399
23399
23404
23406
23407
23410
23419
23421
23423
23425
23426
23430
23435
23435
23439
23441
23447
23451
23453
23455
23455
23467
23470
23471
23471
23477
23479
23479
23482
23483
23486
23491
23496
23499
23502
23505
23510
23511
23513
23517
23522
23523
23523
23524
23532
23536
23536
23536
23543
23543
23545
23549
23553
23553
23553
23554
23557
23561
23561
23565
23566
23572
23572
23576
23578
23582
23584
23585
23595
23597
23598
23600
23600
23602
23604
23609
23614
23615
23615
23620
23622
23623
23626
23632
23633
23635
23641
23643
23648
23648
23651
23652
23654
23658
23659
23659
23660
23663
23666
23672
23673
23673
23674
23675
23677
23679
23680
23680
23680
23681
23681
23683
23686
23686
23686
23690
23696
23697
23698
23700
23705
23709
23712
23720
23721
23727
23729
23730
23731
23733
23736
23739
23740
23742
23744
23744
23745
23749
23751
23752
23753
23753
23761
23762
23764
23766
23767
23776
23777
23779
23779
23780
23785
23787
23791
23794
23794
23795
23798
23799
23803
23806
23806
23807
23809
23812
23818
23826
23831
23835
23837
23845
23846
23848
23856
23856
23856
23857
23858
23861
23865
23866
23867
23867
23867
23876
23877
23879
23881
23884
23885
23891
23892
23895
23898
23898
23900
23901
23901
23913
23914
23919
23919
23926
23927
23929
23933
23938
23938
23940
23940
23941
23946
23952
23953
23959
23959
23961
23963
23965
23966
23968
23969
23971
23973
23973
23976
23977
23986
23986
23988
23990
23996
23998
24001
24006
24007
24008
24008
24019
24021
24021
24022
24023
24027
24028
24028
24032
24035
24037
24037
24039
24039
24042
24043
24046
24048
24049
24053
24054
24058
24059
24061
24068
24069
24082
24086
24092
24092
24096
24098
24099
24099
24101
24101
24103
24103
24103
24105
24105
24108
24110
24113
24116
24117
24118
24120
24121
24126
24129
24132
24133
24133
24133
24133
24136
24136
24139
24144
24144
24148
24148
24149
24150
24151
24153
24153
24158
24160
24161
24161
24164
24167
24169
24173
24174
24174
24178
24178
24185
24185
24186
24192
24194
24197
24197
24197
24203
24203
24206
24206
24209
24213
24215
24216
24216
24216
24217
24218
24218
24219
24221
24223
24225
24225
24227
24227
24232
24234
24235
24237
24239
24242
24245
24247
24248
24253
24254
24255
24256
24258
24260
24262
24264
24267
24268
24271
24272
24273
24274
24276
24277
24278
24280
24281
24284
24285
24285
24286
24287
24287
24288
24290
24291
24292
24298
24298
24299
24299
24301
24304
24305
24307
24310
24315
24316
24316
24331
24333
24336
24337
24337
24339
24341
24342
24343
24349
24352
24352
24355
24357
24359
24362
24366
24373
24374
24375
24378
24379
24379
24385
24386
24389
24392
24392
24395
24397
24399
24399
24404
24405
24407
24407
24411
24414
24417
24424
24431
24440
24441
24441
24443
24444
24445
24445
24456
24461
24463
24466
24466
24466
24474
24474
24476
24482
24484
24486
24486
24486
24488
24489
24489
24490
24490
24491
24493
24495
24497
24502
24503
24504
24510
24513
24514
24515
24516
24519
24521
24522
24522
24525
24526
24532
24533
24535
24535
24537
24538
24539
24539
24544
24547
24547
24552
24553
24554
24555
24555
24558
24564
24565
24567
24568
24571
24575
24576
24579
24589
24590
24592
24597
24601
24602
24603
24603
24603
24605
24609
24611
24611
24612
24614
24616
24617
24617
24619
24619
24622
24623
24624
24624
24630
24631
24631
24631
24633
24637
24637
24639
24644
24644
24646
24647
24649
24653
24657
24659
24659
24660
24660
24660
24660
24664
24666
24668
24671
24674
24674
24675
24675
24676
24677
24678
24683
24687
24687
24689
24693
24696
24697
24697
24699
24702
24705
24713
24716
24718
24728
24728
24729
24731
24733
24738
24740
24741
24741
24750
24751
24755
24757
24759
24761
24763
24763
24765
24768
24769
24772
24773
24774
24774
24778
24779
24780
24781
24785
24785
24785
24790
24802
24802
24804
24805
24808
24808
24809
24812
24815
24817
24817
24818
24819
24822
24825
24825
24827
24832
24833
24836
24838
24838
24838
24838
24842
24843
24846
24847
24848
24852
24853
24854
24855
24856
24857
24859
24862
24865
24866
24867
24869
24876
24876
24876
24877
24882
24882
24882
24883
24883
24885
24889
24890
24890
24894
24894
24895
24895
24903
24903
24904
24914
24919
24919
24922
24922
24923
24923
24924
24926
24926
24929
24932
24933
24933
24934
24935
24937
24938
24938
24939
24940
24943
24953
24954
24956
24956
24958
24959
24962
24962
24962
24965
24967
24968
24975
24975
24976
24980
24988
24990
24992
24994
24997
24998
24999
25002
25003
25003
25004
25005
25007
25008
25009
25009
25010
25012
25018
25019
25020
25020
25020
25020
25021
25022
25024
25028
25031
25033
25036
25037
25038
25041
25043
25045
25048
25048
25049
25049
25051
25052
25052
25054
25057
25061
25064
25068
25075
25076
25076
25077
25077
25083
25084
25085
25088
25088
25092
25096
25098
25102
25104
25105
25107
25107
25112
25113
25114
25115
25118
25121
25125
25129
25130
25131
25139
25141
25142
25144
25147
25150
25152
25154
25158
25161
25164
25166
25170
25175
25176
25178
25183
25183
25183
25184
25188
25189
25191
25193
25199
25200
25201
25202
25203
25208
25209
25219
25224
25225
25228
25230
25235
25237
25238
25246
25254
25257
25260
25262
25262
25265
25265
25266
25266
25267
25270
25271
25271
25275
25276
25276
25276
25277
25278
25278
25278
25281
25282
25282
25285
25288
25290
25297
25303
25304
25306
25309
25311
25318
25329
25331
25331
25335
25336
25340
25341
25346
25351
25355
25358
25360
25361
25362
25362
25362
25365
25366
25371
25374
25374
25376
25376
25377
25379
25381
25387
25388
25389
25394
25396
25400
25401
25404
25405
25405
25405
25410
25410
25411
25411
25413
25415
25415
25416
25417
25421
25428
25428
25432
25434
25439
25443
25443
25446
25448
25449
25450
25451
25452
25455
25455
25456
25457
25457
25460
25460
25461
25472
25472
25474
25478
25480
25480
25488
25489
25492
25496
25499
25501
25502
25503
25504
25508
25512
25513
25516
25520
25522
25522
25522
25523
25525
25526
25527
25529
25529
25531
25533
25533
25533
25543
25546
25549
25552
25554
25554
25559
25559
25560
25560
25564
25566
25568
25568
25570
25572
25574
25576
25577
25577
25578
25579
25579
25582
25597
25601
25606
25611
25613
25620
25622
25624
25624
25630
25632
25635
25637
25640
25643
25644
25644
25651
25659
25664
25668
25670
25676
25677
25681
25681
25682
25686
25687
25688
25688
25691
25693
25693
25696
25696
25700
25701
25706
25706
25707
25710
25711
25712
25713
25714
25715
25717
25720
25722
25724
25725
25733
25734
25735
25736
25737
25738
25739
25745
25748
25759
25760
25763
25768
25769
25770
25771
25779
25781
25782
25782
25786
25789
25790
25791
25792
25793
25795
25797
25799
25802
25802
25804
25804
25807
25807
25808
25809
25810
25812
25814
25815
25817
25817
25820
25822
25823
25825
25827
25829
25830
25833
25836
25836
25838
25840
25843
25844
25845
25847
25854
25858
25869
25869
25871
25873
25879
25879
25884
25890
25890
25891
25892
25894
25895
25897
25897
25903
25904
25905
25906
25908
25911
25911
25914
25916
25920
25924
25928
25928
25929
25931
25933
25935
25937
25937
25939
25940
25940
25944
25944
25944
25945
25951
25953
25954
25957
25960
25960
25967
25970
25974
25975
25975
25976
25977
25983
25984
25986
25990
25991
25992
26000
26002
26004
26006
26007
26009
26012
26013
26016
26018
26018
26018
26019
26020
26021
26024
26028
26028
26028
26033
26034
26036
26037
26037
26039
26039
26043
26044
26045
26046
26047
26051
26052
26055
26057
26060
26062
26067
26070
26071
26075
26075
26077
26081
26083
26086
26087
26090
26090
26093
26094
26104
26109
26109
26109
26110
26110
26111
26113
26114
26116
26116
26118
26119
26120
26122
26123
26126
26126
26126
26127
26127
26130
26131
26136
26136
26139
26140
26142
26143
26145
26145
26148
26149
26156
26156
26160
26160
26160
26161
26162
26164
26164
26171
26172
26177
26177
26180
26182
26183
26184
26184
26185
26185
26186
26187
26191
26194
26194
26195
26195
26196
26197
26198
26201
26202
26203
26204
26204
26205
26206
26207
26208
26209
26212
26213
26216
26217
26220
26222
26226
26231
26233
26233
26234
26237
26238
26240
26242
26243
26245
26246
26247
26250
26252
26252
26255
26255
26259
26260
26260
26262
26267
26269
26273
26273
26277
26277
26281
26282
26283
26287
26288
26289
26291
26293
26294
26295
26297
26299
26302
26302
26306
26307
26309
26311
26313
26319
26323
26323
26323
26326
26327
26329
26330
26331
26332
26333
26336
26336
26338
26339
26341
26343
26347
26347
26349
26349
26355
26358
26361
26361
26361
26366
26367
26370
26371
26372
26373
26374
26376
26378
26379
26380
26382
26386
26390
26395
26397
26398
26401
26402
26403
26404
26408
26413
26413
26417
26418
26422
26423
26423
26426
26428
26436
26438
26444
26446
26447
26447
26449
26451
26456
26456
26462
26464
26465
26466
26467
26468
26468
26468
26478
26480
26480
26482
26483
26484
26485
26486
26486
26486
26492
26496
26498
26504
26505
26514
26515
26520
26522
26522
26526
26528
26528
26529
26530
26532
26537
26538
26538
26541
26542
26543
26548
26551
26552
26553
26555
26557
26557
26558
26559
26563
26563
26564
26577
26581
26585
26587
26591
26592
26597
26598
26598
26600
26603
26603
26603
26603
26605
26611
26611
26616
26624
26628
26629
26634
26636
26636
26646
26647
26648
26649
26651
26654
26654
26655
26656
26664
26664
26665
26666
26675
26678
26678
26679
26679
26681
26682
26684
26685
26690
26693
26694
26695
26695
26696
26696
26698
26703
26710
26718
26719
26719
26721
26722
26724
26728
26728
26731
26732
26732
26734
26735
26736
26736
26737
26743
26743
26745
26749
26752
26754
26754
26755
26756
26762
26768
26774
26775
26775
26778
26781
26786
26786
26786
26789
26790
26791
26796
26797
26797
26803
26804
26804
26805
26806
26807
26807
26809
26810
26810
26810
26811
26815
26815
26822
26823
26824
26825
26826
26829
26831
26834
26834
26835
26836
26839
26842
26842
26842
26843
26843
26843
26844
26846
26848
26849
26851
26856
26857
26857
26860
26861
26862
26866
26872
26873
26875
26876
26885
26886
26887
26890
26892
26895
26900
26903
26903
26904
26904
26906
26908
26909
26913
26915
26920
26921
26921
26924
26925
26930
26931
26931
26932
26933
26933
26933
26933
26934
26936
26942
26944
26945
26946
26951
26956
26956
26957
26958
26960
26960
26962
26965
26966
26969
26975
26978
26981
26982
26988
26989
26990
26991
26994
26997
27000
27010
27010
27010
27012
27014
27014
27016
27017
27017
27017
27019
27022
27022
27028
27029
27037
27041
27043
27046
27048
27053
27057
27058
27058
27060
27062
27062
27063
27063
27064
27064
27065
27068
27072
27078
27078
27081
27089
27091
27091
27093
27094
27096
27096
27102
27102
27103
27104
27106
27109
27111
27112
27112
27113
27113
27114
27115
27119
27120
27122
27122
27124
27126
27126
27129
27131
27133
27134
27136
27137
27139
27140
27145
27147
27149
27150
27151
27155
27159
27159
27159
27163
27165
27166
27170
27170
27173
27174
27177
27177
27177
27177
27180
27183
27185
27185
27186
27187
27189
27196
27201
27206
27206
27209
27213
27214
27215
27217
27219
27220
27220
27222
27224
27225
27226
27227
27229
27229
27236
27236
27238
27240
27247
27248
27249
27250
27252
27255
27257
27257
27261
27262
27263
27279
27282
27284
27285
27288
27292
27296
27299
27303
27304
27305
27306
27308
27311
27313
27313
27315
27321
27323
27323
27325
27325
27326
27329
27329
27330
27333
27337
27343
27350
27350
27350
27351
27351
27356
27356
27356
27360
27361
27362
27364
27365
27374
27379
27382
27382
27382
27385
27386
27388
27389
27390
27393
27398
27401
27403
27406
27406
27406
27412
27414
27421
27423
27423
27424
27426
27427
27431
27431
27435
27435
27436
27436
27437
27444
27445
27450
27450
27451
27459
27462
27470
27475
27475
27477
27478
27478
27480
27484
27485
27487
27488
27492
27492
27494
27497
27497
27500
27504
27505
27508
27509
27512
27514
27516
27519
27519
27521
27525
27530
27531
27532
27535
27537
27539
27540
27542
27544
27548
27551
27551
27551
27555
27557
27558
27560
27562
27562
27563
27567
27574
27581
27583
27586
27587
27593
27593
27593
27595
27596
27597
27600
27605
27607
27612
27613
27616
27617
27618
27626
27627
27631
27632
27633
27636
27637
27641
27643
27652
27658
27660
27665
27665
27665
27665
27667
27670
27670
27671
27674
27674
27675
27675
27677
27678
27683
27687
27687
27691
27694
27695
27696
27706
27707
27709
27710
27716
27716
27718
27718
27721
27722
27722
27724
27727
27730
27730
27733
27733
27733
27734
27737
27738
27743
27753
27755
27758
27761
27764
27767
27767
27770
27776
27777
27777
27777
27785
27785
27787
27788
27790
27790
27791
27791
27792
27800
27803
27804
27807
27807
27808
27812
27812
27814
27815
27816
27818
27821
27821
27821
27827
27829
27829
27830
27832
27841
27841
27842
27844
27845
27858
27858
27858
27859
27859
27859
27860
27862
27863
27867
27868
27869
27873
27873
27874
27878
27882
27888
27892
27900
27907
27907
27913
27914
27919
27920
27922
27922
27927
27930
27937
27940
27940
27942
27944
27945
27950
27951
27955
27958
27959
27968
27970
27972
27974
27975
27984
27984
27988
27992
27995
27996
27997
27997
27998
28001
28002
28002
28002
28004
28008
28013
28013
28016
28018
28022
28023
28023
28025
28026
28027
28033
28036
28039
28039
28041
28042
28046
28046
28051
28055
28057
28061
28062
28065
28068
28070
28072
28074
28077
28080
28082
28085
28089
28089
28091
28091
28094
28099
28100
28102
28106
28107
28109
28112
28113
28115
28119
28125
28128
28130
28131
28133
28137
28139
28140
28141
28142
28142
28145
28146
28147
28155
28155
28159
28161
28165
28166
28166
28167
28168
28171
28171
28173
28173
28177
28179
28186
28188
28191
28194
28195
28197
28201
28202
28202
28203
28204
28205
28205
28206
28211
28215
28220
28228
28232
28235
28243
28245
28246
28250
28251
28251
28257
28258
28261
28264
28266
28267
28267
28268
28269
28271
28271
28274
28275
28277
28279
28283
28284
28286
28287
28288
28294
28294
28297
28297
28298
28301
28301
28302
28303
28305
28307
28308
28310
28311
28320
28321
28324
28326
28327
28330
28333
28344
28346
28352
28357
28359
28361
28361
28362
28365
28365
28368
28369
28369
28371
28371
28373
28375
28380
28381
28381
28387
28391
28393
28399
28402
28403
28404
28409
28412
28413
28413
28414
28415
28417
28419
28422
28423
28429
28429
28430
28432
28434
28435
28437
28438
28439
28440
28441
28445
28449
28453
28456
28458
28460
28460
28463
28465
28465
28468
28468
28469
28469
28471
28472
28477
28478
28480
28482
28484
28484
28485
28486
28490
28491
28493
28503
28504
28505
28511
28514
28515
28517
28520
28521
28527
28529
28530
28531
28535
28537
28539
28540
28541
28549
28550
28558
28558
28566
28567
28569
28571
28576
28577
28579
28580
28584
28589
28591
28592
28593
28594
28600
28601
28601
28602
28602
28604
28605
28606
28606
28607
28612
28613
28615
28616
28616
28620
28628
28630
28633
28634
28637
28637
28638
28641
28641
28646
28647
28648
28650
28654
28656
28663
28664
28674
28675
28676
28677
28677
28681
28683
28684
28686
28688
28690
28693
28694
28697
28699
28701
28704
28705
28714
28714
28724
28725
28728
28730
28731
28736
28737
28739
28746
28748
28752
28752
28753
28754
28758
28760
28762
28763
28764
28767
28769
28769
28771
28771
28773
28777
28783
28789
28789
28790
28794
28798
28801
28801
28808
28809
28809
28810
28815
28815
28816
28816
28816
28824
28826
28827
28830
28832
28832
28833
28833
28835
28838
28841
28842
28844
28844
28853
28854
28856
28857
28858
28858
28863
28863
28872
28876
28883
28883
28888
28888
28890
28890
28891
28892
28892
28898
28902
28902
28903
28908
28914
28914
28915
28918
28920
28923
28925
28928
28929
28934
28936
28940
28942
28943
28943
28943
28947
28950
28952
28953
28953
28955
28955
28955
28956
28957
28968
28975
28975
28975
28979
28979
28980
28980
28984
28986
28987
28988
28991
28996
28998
28999
29003
29009
29010
29010
29013
29014
29018
29018
29019
29019
29026
29026
29028
29034
29036
29037
29037
29041
29043
29048
29048
29048
29050
29052
29052
29056
29059
29064
29064
29068
29069
29070
29072
29076
29078
29083
29086
29086
29092
29093
29093
29094
29095
29099
29100
29103
29104
29104
29106
29109
29114
29115
29116
29119
29120
29123
29124
29130
29132
29134
29134
29135
29138
29142
29143
29145
29150
29151
29152
29156
29157
29159
29160
29163
29173
29174
29175
29176
29184
29185
29185
29188
29188
29189
29195
29197
29197
29197
29198
29200
29200
29201
29204
29204
29211
29211
29218
29219
29223
29223
29226
29226
29226
29226
29227
29229
29230
29231
29235
29239
29239
29243
29243
29243
29247
29259
29260
29264
29266
29267
29273
29276
29276
29285
29285
29287
29289
29295
29298
29299
29302
29302
29303
29303
29304
29304
29305
29310
29311
29313
29313
29314
29315
29324
29326
29327
29331
29331
29332
29339
29345
29348
29349
29350
29352
29353
29355
29360
29363
29364
29369
29369
29369
29370
29371
29371
29372
29373
29374
29381
29382
29386
29386
29391
29398
29401
29402
29402
29405
29407
29407
29410
29412
29414
29419
29424
29424
29424
29426
29436
29443
29449
29452
29453
29453
29454
29455
29459
29467
29467
29467
29468
29468
29471
29472
29473
29476
29482
29483
29485
29486
29486
29498
29500
29501
29503
29504
29505
29506
29507
29507
29508
29512
29513
29517
29521
29522
29522
29530
29530
29531
29535
29537
29538
29538
29542
29542
29542
29545
29555
29556
29556
29558
29558
29563
29563
29565
29571
29572
29572
29575
29578
29580
29582
29585
29586
29590
29593
29594
29594
29600
29604
29606
29608
29609
29611
29611
29612
29613
29613
29615
29622
29625
29625
29625
29626
29627
29627
29628
29632
29634
29638
29639
29639
29648
29648
29650
29650
29651
29652
29652
29659
29659
29665
29667
29670
29670
29673
29673
29674
29679
29679
29680
29680
29681
29681
29684
29686
29688
29689
29690
29691
29695
29698
29698
29699
29700
29703
29706
29711
29711
29715
29716
29718
29719
29721
29723
29729
29735
29743
29750
29751
29752
29752
29753
29754
29759
29763
29769
29774
29777
29779
29783
29783
29785
29786
29786
29787
29789
29791
29792
29792
29797
29798
29802
29803
29804
29806
29807
29811
29815
29818
29820
29823
29824
29825
29827
29827
29830
29831
29832
29833
29834
29837
29837
29837
29844
29850
29850
29851
29851
29855
29859
29861
29864
29874
29875
29875
29877
29885
29887
29894
29896
29898
29899
29901
29910
29913
29913
29915
29915
29915
29916
29918
29919
29920
29922
29923
29923
29924
29924
29925
29928
29931
29933
29933
29939
29940
29943
29944
29944
29950
29951
29951
29953
29955
29956
29957
29960
29963
29965
29965
29965
29969
29970
29973
29977
29984
29988
29988
29993
29994
29994
29995
30001
30002
30002
30003
30004
30005
30006
30010
30011
30011
30012
30014
30018
30024
30024
30025
30029
30030
30033
30036
30038
30039
30043
30044
30044
30050
30051
30052
30053
30053
30056
30059
30060
30063
30064
30070
30073
30078
30079
30080
30081
30082
30083
30085
30089
30091
30093
30093
30095
30095
30096
30097
30097
30100
30102
30103
30119
30129
30130
30132
30133
30135
30138
30140
30143
30146
30147
30148
30149
30152
30153
30158
30161
30163
30165
30165
30166
30168
30168
30172
30175
30175
30176
30179
30180
30184
30184
30186
30187
30194
30195
30195
30196
30198
30200
30203
30204
30204
30204
30205
30205
30205
30207
30213
30213
30217
30220
30222
30222
30223
30225
30227
30228
30231
30233
30236
30241
30244
30245
30247
30249
30253
30255
30258
30259
30261
30262
30263
30266
30268
30270
30270
30270
30272
30272
30274
30275
30275
30279
30280
30280
30281
30287
30289
30290
30295
30297
30297
30301
30305
30306
30311
30312
30314
30316
30319
30327
30331
30332
30333
30334
30337
30339
30344
30346
30347
30350
30350
30351
30351
30351
30356
30356
30359
30360
30362
30364
30368
30371
30373
30376
30377
30377
30379
30380
30381
30382
30385
30388
30389
30389
30390
30391
30391
30397
30397
30400
30403
30403
30405
30407
30412
30413
30418
30422
30423
30423
30426
30428
30430
30434
30439
30441
30441
30441
30445
30446
30453
30457
30458
30462
30462
30463
30464
30466
30470
30470
30471
30471
30473
30477
30479
30480
30483
30485
30486
30487
30488
30488
30490
30490
30495
30500
30501
30502
30504
30504
30508
30512
30514
30516
30516
30518
30519
30519
30524
30526
30528
30528
30529
30531
30531
30533
30533
30536
30538
30540
30545
30546
30547
30547
30548
30549
30556
30558
30564
30566
30566
30572
30576
30580
30583
30585
30585
30588
30590
30590
30591
30592
30602
30603
30611
30612
30614
30616
30616
30618
30619
30622
30622
30623
30627
30627
30638
30642
30648
30651
30652
30655
30656
30658
30659
30661
30661
30664
30666
30673
30675
30675
30681
30683
30685
30689
30695
30695
30698
30699
30699
30706
30713
30714
30715
30717
30717
30723
30731
30734
30743
30744
30744
30745
30749
30753
30755
30758
30761
30763
30763
30764
30766
30770
30772
30776
30780
30782
30782
30786
30787
30791
30791
30792
30793
30796
30801
30803
30803
30804
30808
30813
30815
30815
30817
30820
30821
30822
30824
30825
30826
30826
30830
30833
30837
30838
30841
30849
30850
30856
30859
30860
30861
30863
30863
30867
30872
30875
30875
30878
30878
30878
30880
30883
30884
30895
30897
30899
30903
30906
30907
30914
30920
30921
30929
30931
30933
30936
30941
30942
30945
30945
30947
30952
30953
30955
30957
30958
30959
30960
30963
30965
30966
30977
30977
30978
30978
30978
30978
30979
30980
30980
30981
30983
30987
30988
30991
30992
30994
30998
31000
31001
31003
31003
31005
31006
31015
31018
31019
31024
31029
31029
31034
31036
31036
31037
31038
31040
31045
31045
31048
31049
31051
31052
31053
31056
31057
31058
31063
31066
31066
31067
31069
31069
31074
31074
31074
31075
31076
31083
31083
31085
31085
31093
31096
31099
31102
31108
31109
31116
31121
31123
31125
31127
31128
31132
31133
31138
31142
31143
31144
31145
31147
31149
31154
31155
31156
31157
31157
31158
31159
31159
31160
31162
31163
31167
31168
31170
31171
31174
31175
31182
31182
31183
31186
31187
31188
31190
31193
31199
31200
31208
31213
31214
31214
31217
31228
31230
31235
31235
31236
31237
31245
31246
31246
31249
31259
31260
31260
31261
31262
31262
31264
31265
31271
31271
31272
31272
31276
31279
31285
31287
31290
31290
31293
31293
31294
31300
31303
31305
31305
31307
31308
31309
31310
31311
31315
31317
31318
31322
31324
31326
31328
31334
31335
31339
31339
31340
31342
31343
31345
31349
31349
31350
31353
31358
31360
31361
31361
31361
31364
31374
31376
31379
31380
31380
31382
31382
31383
31385
31385
31386
31387
31391
31395
31397
31401
31402
31403
31405
31407
31408
31409
31412
31415
31417
31423
31423
31424
31426
31426
31426
31426
31428
31430
31432
31434
31439
31440
31443
31443
31448
31449
31452
31452
31453
31455
31459
31461
31462
31463
31464
31467
31468
31468
31469
31469
31469
31470
31471
31471
31472
31474
31476
31478
31479
31482
31482
31483
31484
31485
31488
31488
31488
31489
31492
31497
31498
31502
31504
31505
31505
31507
31507
31508
31513
31516
31519
31522
31522
31524
31525
31528
31528
31529
31529
31530
31533
31534
31535
31537
31538
31539
31540
31540
31545
31546
31546
31547
31550
31551
31553
31557
31561
31561
31565
31568
31571
31573
31575
31576
31578
31579
31581
31585
31587
31588
31590
31598
31600
31602
31604
31605
31606
31608
31609
31609
31613
31619
31626
31627
31627
31632
31633
31639
31639
31640
31642
31643
31646
31647
31650
31655
31662
31662
31664
31664
31671
31676
31677
31677
31680
31691
31693
31697
31700
31705
31706
31709
31711
31711
31716
31717
31721
31721
31722
31722
31726
31733
31736
31740
31741
31744
31748
31751
31752
31755
31756
31758
31758
31762
31763
31765
31768
31771
31772
31772
31773
31777
31779
31780
31781
31782
31782
31785
31792
31792
31794
31794
31795
31795
31797
31799
31802
31805
31808
31812
31818
31819
31821
31828
31829
31831
31835
31836
31837
31837
31839
31839
31843
31847
31851
31856
31858
31861
31861
31865
31869
31875
31876
31877
31878
31880
31884
31885
31891
31892
31895
31897
31899
31910
31912
31914
31915
31916
31917
31918
31922
31923
31923
31923
31924
31924
31928
31932
31935
31939
31940
31942
31943
31945
31948
31952
31955
31960
31960
31961
31967
31971
31971
31972
31973
31975
31975
31976
31978
31978
31983
31984
31985
31986
31987
31988
31990
31992
31995
31996
31996
31997
31997
31997
31998
31999
32001
32002
32003
32006
32009
32011
32015
32017
32018
32018
32019
32020
32026
32033
32033
32035
32035
32041
32044
32049
32050
32062
32063
32066
32067
32070
32074
32076
32080
32081
32084
32087
32088
32092
32094
32095
32097
32099
32100
32101
32103
32104
32114
32115
32117
32117
32118
32118
32120
32121
32121
32123
32126
32127
32128
32129
32130
32131
32131
32132
32133
32134
32135
32136
32137
32138
32140
32141
32142
32143
32144
32149
32150
32150
32156
32156
32156
32166
32167
32175
32176
32176
32179
32180
32183
32185
32186
32186
32188
32190
32194
32194
32195
32197
32203
32206
32208
32217
32221
32222
32223
32228
32229
32231
32231
32234
32235
32235
32238
32239
32239
32239
32248
32253
32257
32259
32261
32265
32265
32270
32273
32273
32276
32277
32278
32281
32282
32293
32298
32299
32299
32300
32300
32313
32314
32314
32327
32331
32333
32334
32335
32339
32340
32341
32342
32344
32345
32346
32348
32348
32350
32350
32352
32354
32359
32360
32361
32363
32363
32365
32367
32368
32369
32370
32371
32372
32375
32375
32376
32380
32383
32385
32386
32388
32390
32391
32392
32393
32393
32395
32398
32399
32400
32402
32405
32405
32409
32412
32417
32418
32424
32429
32430
32432
32433
32435
32439
32444
32448
32449
32451
32452
32455
32456
32457
32460
32460
32461
32462
32466
32467
32467
32469
32472
32476
32477
32477
32478
32479
32480
32481
32481
32482
32484
32484
32486
32486
32491
32492
32499
32499
32499
32499
32501
32503
32504
32505
32508
32508
32509
32511
32512
32514
32517
32518
32519
32529
32532
32533
32536
32536
32542
32544
32545
32545
32546
32549
32550
32551
32551
32555
32558
32563
32564
32570
32571
32573
32573
32575
32576
32577
32578
32578
32579
32583
32589
32591
32592
32593
32597
32598
32600
32604
32610
32610
32611
32612
32613
32614
32619
32621
32629
32631
32631
32635
32639
32641
32643
32647
32649
32655
32657
32658
32660
32661
32661
32662
32662
32664
32665
32667
32670
32675
32680
32680
32683
32700
32702
32705
32707
32708
32709
32710
32710
32710
32712
32712
32714
32715
32715
32719
32721
32724
32726
32726
32728
32728
32731
32733
32737
32739
32746
32748
32751
32752
32755
32756
32757
32758
32765
32766
8264
