9360
13552
2776
5170
13923
14025
23447
10839
14603
17607
16377
24929
14749
23359
6222
22639
23182
21339
22372
31782
18109
6675
11691
5447
21940
21337
28567
9607
17707
15764
15174
1691
11214
26960
8547
32658
2369
6452
21834
17511
5984
24116
10349
5079
16587
17416
21750
26480
24738
8668
23470
27115
12173
25417
31005
10171
512
23940
30195
11750
15293
1237
22182
2836
7322
5707
11869
26341
19076
2479
6413
9096
15556
24502
8417
15754
27777
8314
4832
24043
28294
7723
1738
21111
23110
20482
7746
24659
8733
22903
16178
9431
16601
4532
19820
30875
24697
8009
10125
2261
24117
31777
27431
6882
20414
30133
17439
11810
28102
32127
19283
28681
1987
23986
14464
13939
25840
9768
27492
29752
13973
26012
4127
23553
32649
793
25311
9562
5365
19378
22204
10248
7258
2164
9185
16796
10966
12441
237
14664
27043
3070
2969
5618
25568
23000
9370
6791
24980
20386
17097
23698
29680
1114
385
10509
5844
7148
28232
11126
2965
18159
22962
2854
20734
27279
12163
29407
23700
1226
6676
13988
31006
8416
29944
3021
28261
28676
21214
1882
22073
23128
6841
22152
17076
7192
31
26018
6595
17173
23279
26906
18913
8294
8759
31960
15398
602
3669
19922
10113
19121
9820
477
10562
13579
15545
20930
18139
24992
7958
2453
15591
30770
32126
25410
16235
30528
19650
28521
3932
893
10268
108
2402
19328
30227
19398
4572
21437
21662
13726
548
16052
4236
31387
31508
25960
11299
11259
16585
21523
14600
12767
934
32536
2399
18409
15004
17465
31794
10249
29353
3082
26903
22420
14239
8101
28429
19095
31271
1696
10920
20842
5893
316
5998
1160
25502
29407
8320
8861
25527
20677
9341
5345
3199
26866
28835
3493
14544
5483
30519
29995
12978
12197
17703
6331
30241
22590
31471
20467
4368
26347
19641
3167
17581
5810
19912
1866
19431
16985
2838
467
27437
17694
14652
19267
11641
21416
31123
413
29326
24894
31385
16503
12926
25911
30614
12809
6766
5297
23423
13956
26269
25734
2842
5541
7587
26492
6755
28297
4343
23740
28975
22979
18100
646
8975
29100
12445
290
32375
13562
21598
538
5919
30612
18709
18342
20394
21925
11792
22632
9862
23791
32472
4953
18963
24675
26735
16388
14343
10734
983
28402
27665
32405
6611
15973
25020
10436
21490
22345
28055
31971
32456
13927
12691
3115
16767
5596
12460
31160
28303
2761
17867
9695
20937
11085
491
9153
8090
20656
13691
11552
27022
18913
10500
2162
15379
4643
18700
5428
18816
24579
18746
29313
18005
8333
699
29667
23236
12991
4579
22633
19825
30526
30488
30714
19319
2120
16108
23272
29099
11754
30089
28616
31524
25203
26962
21378
14587
31528
199
24484
14159
18745
10153
29436
13196
18164
5983
10341
18413
9529
32409
28641
28736
19758
19507
15848
19434
10803
8540
17664
16682
20505
12023
28046
26018
20878
577
32748
20499
23260
1205
13499
14184
25812
13101
8059
758
5124
20553
10073
12290
6193
5652
583
12419
8193
10981
26194
10026
13559
23940
25904
9376
5028
27790
9753
18959
21532
23835
29145
29923
30376
9373
17698
22482
10426
10764
23846
9497
22054
25152
29285
11785
23182
2974
5572
7107
26398
19702
25568
9536
28794
15276
673
26260
14581
3350
7442
15731
19204
30502
20848
20212
30706
1097
17793
6805
11989
24206
21798
15999
16320
22027
3892
20748
24378
9853
29824
29575
32239
16430
11577
563
18598
6172
10363
1422
25715
17239
23072
18646
15150
25003
2778
14797
27683
7039
28287
30138
13579
14077
29859
10160
26428
2163
1900
7186
15644
16889
11426
11607
9179
26197
15622
28171
19810
25371
9701
13334
7814
5657
26860
26945
19842
16881
20030
17654
17572
13832
31940
21319
7494
11679
27844
27955
18176
10816
26806
1572
12060
19804
4179
29371
31818
30002
4590
3280
12949
8434
3591
22709
21398
24611
22814
4027
20200
20802
4037
13304
22236
29612
12537
4423
28013
20670
12978
20367
15734
16442
17593
31305
5154
19436
13754
8508
3748
30350
11930
30347
20521
27114
14346
3570
21515
20542
15965
8525
12360
23780
1942
32346
23602
18482
20422
447
20328
17056
32661
17231
3332
9000
12574
22409
28438
21747
30464
19041
18002
18481
6577
14148
8709
27209
16150
8790
21582
26930
12369
30462
1674
17952
12763
20388
29200
31588
8658
27321
4383
14733
20628
28920
23572
32724
18316
28908
26336
5047
29260
13235
29370
7139
24028
20225
18449
25175
594
6248
27845
455
19107
24022
2710
574
20153
1887
6621
10504
29638
1596
9338
32719
26327
13588
13581
22276
9644
3451
18025
18305
2503
22201
18245
30572
2499
12748
1589
9822
9447
9904
6617
17604
11515
5853
6484
6790
25178
14610
14592
16615
5705
593
8033
29613
18311
8234
1623
32129
27942
26685
31895
17304
25496
24827
23387
13459
12301
18348
17497
7844
3581
14262
15346
12531
31488
22300
13229
11328
13542
11333
6371
1737
24068
255
15292
1902
15308
30403
8794
7187
17313
12347
7251
28486
27113
13313
10853
289
26467
27818
3685
18290
26810
27139
6009
6426
23643
18330
32391
26803
21124
23680
26349
4726
9118
6222
22387
16731
20685
12646
16253
12161
21189
2171
23686
17873
19167
25940
5065
24287
19052
28876
5185
12560
9289
4126
21716
9218
31924
1375
17100
5416
2909
31052
13446
20405
17344
21062
29806
15292
22451
31899
30763
2197
18491
2055
6166
22146
30884
15995
23281
9106
30673
6172
10710
32710
29648
12431
109
19571
2993
8564
28002
2791
29593
26160
30486
32335
7954
11504
14485
9433
26021
14571
19145
19477
21931
14823
19949
17569
10592
15614
10051
30981
4665
6818
18186
27612
20088
1503
2731
24885
15613
8416
3891
14136
25439
15029
2053
12813
6715
6739
28113
16121
21452
31452
6592
29386
12476
7457
8433
18294
22330
4710
1065
23807
16461
9317
1990
16793
28520
32405
18421
1295
18494
31915
23845
7011
30423
16993
9404
21173
7652
119
520
24677
16208
2808
11128
18812
4887
9407
22540
10824
16475
9273
24842
8519
11445
21869
11251
24903
21961
15673
28853
11978
26909
8670
12322
19631
3627
31935
28321
7183
5812
14693
1827
29542
2392
26055
10841
28915
14948
14280
24101
19553
26347
3074
4430
27558
1560
16834
6007
16172
17602
6227
8530
10542
24385
29056
1297
29798
19840
7508
27421
7653
30036
4900
13067
30274
22284
15312
9420
24054
26698
12613
16931
8455
4369
5958
19548
13796
32542
29037
21052
25488
17276
6764
23092
4867
28243
16537
31961
20430
7425
2986
921
15357
11883
20412
24486
31553
4501
29083
3383
22863
25201
24637
14064
12163
18677
18319
11678
19913
20080
24693
2088
27325
7454
523
32707
24337
24058
22578
23652
12335
10451
25416
1403
11808
15010
9526
2782
10413
26139
8112
14851
32708
29314
1976
4979
4893
23744
21092
13435
21788
11958
32482
2341
1274
24785
16825
23143
21536
31199
30033
3225
31443
24865
29622
8748
22
5793
15769
22170
14540
17861
4760
26009
16926
26149
24255
21140
31516
24218
8526
17499
16807
24215
12476
18714
30350
25021
32765
5768
3319
4521
18689
6752
10497
31249
16509
28437
4519
17167
14061
2242
31208
26044
19162
11871
25892
3841
4184
4923
10954
9386
20948
9382
23856
8380
19980
24558
6082
14089
5983
17550
30815
30977
30791
13985
18432
27595
292
26013
5787
17557
9019
2877
20039
16168
31998
5823
416
17087
15246
6224
31085
18713
13694
197
17792
15309
8922
2443
21726
15326
5735
22753
22816
1935
7213
13892
31001
29304
8499
25387
5817
9178
2186
27637
11313
3888
4492
1312
1112
23302
29542
18619
21070
10766
20948
26654
27743
31345
28460
9688
11818
3939
16286
11241
17922
6394
16826
4658
29076
3648
16434
10537
28106
28039
24802
23761
7664
22268
9485
17386
11798
13695
16106
12132
13493
27058
24671
19994
6037
11088
26380
14525
14317
5313
2443
31246
10701
3307
27126
26449
31417
842
12714
23806
19350
12867
6731
13241
16843
23477
2057
388
5024
13266
6433
31540
13289
28205
20134
2593
24809
8467
12929
27170
6769
29471
7863
25529
17224
18185
2538
30346
29135
22975
32035
2066
13285
1719
5838
27285
18953
9859
16134
20568
7614
15270
28947
32529
30516
24998
15921
22428
13860
12898
28051
1519
4604
5542
23976
27984
9532
12029
2717
9414
18464
24006
24099
6093
32383
906
11378
8013
31987
1165
654
9933
2362
13987
10697
12772
14812
12869
1161
22001
22798
14820
10315
31756
28375
11133
22760
32573
13937
12398
18711
31467
754
8072
17460
23959
22316
17765
9536
5066
13521
1788
16168
24395
26331
4722
6730
11926
19242
4660
11061
2186
24431
5698
26288
24674
5450
10190
22271
26086
12719
15109
5729
9698
15246
29485
21213
3800
15795
27888
16190
11762
24555
759
5469
14394
7016
16571
3486
13325
3686
30616
28605
22221
13071
10788
8395
27351
32156
16830
21107
20917
9662
17002
14210
30356
7996
28892
24999
17656
1501
7890
11382
30638
136
4519
22963
21507
24490
14117
17102
9523
31448
7324
17322
3108
4534
23600
17058
30548
13335
29815
31182
22288
30053
15940
25986
25064
28484
29885
31768
32095
22386
948
4848
7911
11505
4148
5300
14604
16489
28505
27873
2287
7112
32613
19587
22518
3371
5905
11328
1474
22785
32545
12183
28257
22381
10811
19818
197
237
7929
25018
6517
11834
18493
3251
30083
3951
8133
744
20926
7788
26367
13023
2600
4221
25118
25552
19883
2871
18797
12714
14855
8355
25827
2647
29711
22175
1528
4161
4117
15744
21432
1557
24227
23036
7446
10183
29036
26184
9602
5334
27777
11901
8126
12241
30664
3136
19181
5914
25771
17826
26093
6890
23565
21317
27878
21653
10370
20929
21795
17167
28863
8773
15137
4271
30287
32386
14054
26164
11400
964
19092
28422
15294
31074
7998
29374
17590
22105
1018
10215
30813
18996
25400
9222
22458
19759
8786
3289
12322
31643
8036
28381
10155
16516
16733
23826
28131
5010
20054
15874
25793
20013
31779
27136
21979
23524
28456
32430
2010
18960
7022
3010
18475
31412
15351
32009
15608
32424
21582
26028
4951
23287
28769
4274
24001
15749
5779
31430
14021
25845
8206
6458
31741
16329
27478
4685
13634
1739
7460
19113
31772
22188
25457
27696
30588
3308
28369
18936
16302
27641
5634
17812
16009
19099
22469
6550
24553
21135
12012
11601
9823
4723
27829
21988
30758
26338
3414
10356
14425
32479
15065
16824
100
32631
29226
9915
3513
2722
32367
8925
14276
11627
16023
18203
544
31056
26934
28305
7947
19692
17040
27709
30231
4051
30963
17926
803
26046
6987
8445
8586
7400
24048
17122
6042
23479
8642
19690
30280
20895
29048
5055
8481
28484
26933
14537
4740
27102
15452
26796
12303
3554
19878
25362
17239
9439
3442
12202
27356
29349
4700
9329
5948
3501
8208
8496
26790
5813
4193
9285
146
5035
21141
7335
7087
29132
29955
7461
2077
29453
27873
21742
19421
2746
4183
29014
3974
27997
30423
19671
8505
22497
13233
3926
9174
20983
7906
9128
15984
28601
8237
9813
24575
22157
12398
12700
27477
2381
1322
10935
24404
16293
6762
29792
20317
19644
3786
10899
16395
22806
1485
19350
15394
29625
1139
29239
13762
16014
31758
1365
2017
14859
30545
161
11256
29711
7594
15014
30715
7693
210
19463
30863
20077
26786
31752
15224
28975
4392
22096
7760
11218
3834
19950
30079
14452
19914
4505
8039
31802
23867
30012
22495
23794
32755
5298
24547
6647
12529
5069
19849
11349
4897
8094
6199
29230
32558
5360
13588
10589
9112
28694
22460
32088
27398
27111
11064
11355
7389
26118
5933
1987
27665
5735
25939
21432
26684
30734
23337
18958
1261
3354
7144
17517
11074
30723
26293
20912
2489
23584
1306
14988
5699
10092
32183
14706
30362
10633
24373
27062
17109
7173
14204
12784
22074
32733
2854
11683
8787
29759
24883
23068
14404
27284
14078
2717
31835
23486
28783
26555
14313
25246
6259
32261
32080
24538
1449
8166
4702
2781
14175
7885
21721
5151
32444
8074
19803
15526
18494
3580
25696
1741
6504
29673
28062
25668
5812
14125
32149
1368
9679
791
15718
11636
5
24848
12520
12520
18682
17533
8953
32746
32156
3559
11282
25306
20309
18777
1823
19403
16261
11274
10381
24894
3887
5436
19364
9776
22259
5732
27159
25432
23356
18059
20953
13738
28858
25844
19763
26143
1299
3839
4372
28344
8149
3405
26024
20673
28592
31781
15659
8275
14306
21271
11520
26908
12786
4063
31997
20578
14241
2188
16650
6214
18718
10465
12522
26694
17273
7931
12888
32518
23386
15156
18774
12624
12275
1864
25282
23129
2611
22710
11562
8518
7228
25193
29665
14318
21784
2456
12370
30434
7335
491
17813
31403
3036
29919
6720
9810
29993
14443
1152
12070
20792
22756
15464
5561
25564
31262
18568
12332
11591
21460
6338
10668
31613
19785
17241
6973
12297
31792
6219
8630
3566
2761
32481
5389
9184
18766
20868
17621
9908
28301
11218
24069
20502
19414
24305
24059
5498
30743
35
14017
19285
13894
17819
2190
2188
6911
9616
5264
24108
13679
27535
19688
14173
16240
14357
9719
30097
6389
7773
3288
7425
4777
21623
10029
9562
19411
10650
16415
17075
10109
14011
1696
15043
7381
32094
243
6737
26323
26797
22895
24299
22300
25799
26752
26843
20519
90
8174
18775
10910
19572
15202
16632
2567
28310
23078
622
25763
6411
26156
3441
17046
23927
27730
13818
30793
3507
18916
11188
24589
7896
21346
5549
22273
17050
22660
5714
309
10968
10620
19354
6415
11120
379
8065
19950
11864
31350
31928
30222
11755
28202
15259
6060
10624
26718
23395
3434
18497
3688
23453
18932
7739
8178
18907
32484
18353
29950
22441
10979
20150
7464
3266
21265
3835
1067
27012
27560
3045
16295
3490
13276
27874
27170
14105
2309
5118
12108
11621
29951
689
28039
27892
31697
251
4262
9947
27790
15027
2549
26824
14713
18205
2426
311
7020
20154
23675
29673
1147
17252
5441
4754
9684
24218
24603
3539
3305
23064
10661
4711
7122
5802
31305
18081
24812
9539
11015
15382
4551
26185
22386
10647
11583
13108
12539
354
2280
18007
6002
14232
19888
21757
6858
19698
10175
4024
18973
29104
11682
31990
29679
21715
17065
25045
15287
29580
30861
11577
10396
31988
13398
6427
4476
7677
6780
30244
2610
18857
1613
21882
13849
20858
4238
1242
9164
25129
26981
4327
5680
14491
2423
16833
24245
8976
32333
17882
11480
8862
22012
32517
30445
16606
28165
9680
24603
28133
10618
14100
16296
31349
21090
24522
11638
629
10847
23328
14286
23455
28302
30413
9821
23673
21167
12705
28284
3974
14214
10336
15541
9917
8320
17616
14210
17210
11418
25361
24407
25908
5759
24877
12259
6191
32752
19696
26260
12146
3177
9210
4697
9916
3842
23058
20651
31539
20371
6589
23502
4253
11035
29455
20052
30418
4963
27842
16356
9073
12766
11141
7993
29651
12756
9110
28013
2877
30143
2195
15992
24922
15350
28558
8948
5352
30344
22367
24355
22193
23147
2878
4914
189
27094
5009
14527
11718
32235
10498
6554
25836
5017
24021
9160
11690
24513
29048
16078
8201
28311
604
1580
17683
21068
4612
3367
23435
9450
3932
4043
21723
24959
23371
13617
7758
22653
31627
18174
2687
17249
28601
556
28434
15251
23720
25869
19105
6285
507
7820
1785
31040
11763
695
11143
31923
9093
10362
5133
28142
9904
5293
32665
26390
8973
5714
3000
12249
8360
14359
28647
23309
31502
27427
3402
26515
3751
20238
9889
26754
20550
15153
21623
30849
767
27937
2460
31861
57
118
15318
31069
17923
5073
1236
377
16300
16157
20323
31922
31885
16148
25829
20534
18730
31237
28414
10595
24186
16853
16784
28646
7042
30533
234
8996
32041
29298
30780
9945
18503
21666
13390
17150
6655
10045
13938
23281
21071
27674
21432
8144
3301
764
5216
16933
7220
2141
10133
26313
15048
4458
16216
25346
26326
26958
26810
1007
7192
13235
13390
25894
24535
6278
17118
6811
21322
23803
2653
12740
16414
3538
26397
19962
21334
7896
19778
25635
31317
9136
11895
22926
5689
1491
26591
2590
31083
23510
19534
31147
25460
17900
7866
13477
28435
29611
4332
9210
9868
14099
6779
22586
12866
18636
15355
4090
21896
8623
626
32118
11701
3464
24331
3962
26486
23322
9999
16770
24169
19812
20496
14112
23271
12835
15464
9886
25121
16792
11234
22244
19566
11147
9398
13469
5603
30096
26811
17046
7461
3721
19160
26982
17531
15212
30907
27220
10535
16711
3278
31093
25847
28801
31847
17173
3607
30050
13888
24664
26921
4565
1318
32545
407
9325
2805
16691
7208
8359
26563
5783
14290
23663
24924
5949
4304
22245
7919
8166
23028
23648
19718
13888
8253
11187
15803
30803
3244
176
22825
6941
30804
10219
29218
15481
1713
32705
21280
3142
14906
2712
6013
4292
14137
30311
9446
2625
10459
15738
22797
14838
31875
17519
16286
4140
26468
6533
25717
1443
27215
14614
5646
9267
18377
31585
11324
692
8289
3981
10014
14364
10561
10219
14927
2535
12546
15228
6238
22972
26309
179
4734
5709
6015
1403
24702
13183
21908
2172
9467
28107
16040
30618
468
23779
21425
14271
20702
6553
5969
6619
21721
31485
26212
8489
30371
11974
16085
32435
25260
12532
26805
26136
6826
26291
13710
8077
20366
24705
18932
31522
6070
1939
9566
2375
21860
14965
23604
15502
24943
7410
14377
22706
20024
7987
13003
21209
22240
43
32344
1814
20152
20274
4308
26418
9465
12527
25944
1708
20662
27516
26541
10238
14606
32197
15898
12066
28070
17969
25977
7509
17239
31877
21392
31259
10531
773
5023
19843
18798
21212
4406
4012
19306
1981
1353
12680
18644
20171
14726
8928
19422
15542
5606
31128
26988
20263
11395
7733
19330
7519
14249
8604
16381
31771
15919
8220
8066
6330
21000
21935
8373
20385
7445
18301
27563
16863
12349
9890
417
28173
18624
20529
19694
20600
32712
3705
27958
20099
6210
32647
5089
28998
24299
17644
1227
13179
20654
24768
3901
26267
31533
25574
4893
29508
19358
20882
26209
30942
16344
23561
11977
4222
11693
24232
974
14090
5243
14632
27862
8863
11518
28704
4009
1839
11112
14027
9000
3695
26548
17932
31293
1776
24631
9391
15118
3723
19064
17650
5750
15363
9793
6980
5045
3046
1782
4684
17510
5300
1830
45
29874
17987
6752
265
11204
14434
12616
23236
4220
19645
25577
19978
1640
10241
5709
30867
5872
17984
19275
11429
31440
11926
6561
25051
22476
2573
30531
8998
1694
8638
20210
7697
30004
2105
5135
14153
31000
29223
18610
18524
9776
558
10743
27329
32167
3093
30360
29721
2347
4905
961
1972
13913
2015
5151
24919
1653
2234
9531
15676
26207
10863
9990
347
17090
2888
20916
3048
11407
13766
3534
19229
8618
5770
8835
569
19939
2421
7744
24521
22567
16911
11648
18726
4087
4901
21476
32575
3866
22967
15238
152
9103
3857
3723
19603
5574
17975
3831
27631
7952
6278
24773
25230
9299
17817
14904
28283
2306
2666
28268
14379
11852
29625
1584
22531
29332
12210
23320
21787
17698
8906
26829
322
8728
17386
18600
22082
2727
975
2943
14437
19842
17329
26047
16951
13203
7970
25019
32142
25838
3386
3140
11720
6659
7409
20346
3924
27927
20684
28641
12404
24565
23996
24504
18240
27104
20803
23686
10479
8653
25304
2805
18002
22735
29837
1251
20897
14547
1775
3511
29050
15245
9261
24817
9511
3506
1661
20230
15904
12904
32188
7274
4816
31483
22612
22254
20124
9937
21347
5452
802
16288
22042
21760
24254
1502
31843
27226
11347
377
13510
14034
72
2761
30093
6555
14032
24515
19750
20091
10095
6511
20938
11993
12730
5532
13404
2328
1886
10450
31380
547
22371
11400
9308
13641
16050
15767
16506
1612
8661
16111
13424
22964
21503
29832
15264
10089
12108
19100
25012
7041
585
7444
31805
14679
30391
4928
26522
13533
21900
25546
2844
30259
19515
5357
26728
31608
5941
3298
14876
3296
13744
1691
26037
30470
2727
16052
17584
16260
3874
27815
2287
1986
31159
23615
16479
4619
32593
15183
15320
7398
4400
28579
23876
2211
15409
2359
4356
31540
3408
9383
30351
30270
8043
20967
31836
4976
13897
21300
29443
23316
2778
18506
23455
26851
11456
6616
30070
21278
7439
14641
20188
2010
1617
2116
23892
5276
13774
32206
24825
3109
14858
22990
5916
32399
19086
32314
47
14233
23787
16368
15585
14144
2813
17391
18059
6287
11885
15559
1739
23223
21881
7246
4718
16482
29944
3477
2964
14661
31640
19226
28430
2548
10859
9535
20747
9723
22178
19707
19700
28714
30872
14032
11412
21808
11282
10749
2684
29804
1477
20468
29606
19199
25112
22542
19544
5414
4396
894
31819
22983
1049
11652
9741
21577
24443
9187
28068
12457
5934
25492
4724
19914
30549
3516
24675
31245
16033
10460
15418
24098
11728
583
20302
2590
12403
17370
5729
22733
757
4583
22467
7497
31193
17778
17596
20171
20035
5792
18991
9922
5050
19308
21623
25890
15148
16028
2709
12031
18226
21235
17549
15194
5526
9897
16653
16955
25107
6936
24144
25088
26203
1208
23106
28404
15199
5965
24037
24867
24522
25183
22515
21613
1998
29163
27333
20186
6692
26456
29043
16685
32334
7852
24637
30140
8224
13312
1065
24958
19582
32050
26094
2918
19303
19417
21521
32239
23347
2942
22606
30457
28952
4105
7225
18899
25331
10361
293
10137
24133
18904
28485
16832
20604
26222
8209
31471
9333
17718
26603
6672
31038
28046
17155
13224
13856
31538
10616
15715
8157
28267
28352
32756
21302
19588
12361
23323
18608
9342
5984
4103
17816
19461
29267
1503
24133
26786
26834
15516
28061
6449
20379
25113
9691
21398
24407
15725
7823
19116
21182
25720
997
28798
12290
28604
19243
26810
16747
8302
4238
32610
318
11469
548
30661
31972
9907
31792
18350
29512
12394
15009
4827
12929
29632
17371
31408
30897
3934
28858
5677
23597
28245
13780
9758
32478
15866
4607
22929
4327
30196
17940
13965
26247
9875
14834
31489
9537
356
12997
2555
19515
20482
16008
14618
7141
19758
30920
4678
8410
5154
3243
23966
26123
6691
6194
1970
4634
26198
21691
14323
29700
31700
10442
11112
17155
10752
1800
10146
5555
14105
16012
6641
21619
6411
8282
14040
11022
12427
7721
11711
15771
14946
18026
17640
9377
27401
16773
29092
29823
26743
13414
16583
21515
5687
11320
9049
26234
26557
30576
29582
3200
11514
4110
17912
16567
3374
31519
23292
4933
9214
16775
17539
2234
29894
26109
5105
24631
10288
31831
9307
1237
18438
17928
21749
11844
27972
30695
18377
29875
5234
3378
30895
23536
3120
19410
16505
6609
12819
24032
6254
7122
29103
9321
12794
4095
14837
10094
13987
29973
23744
18223
17471
30180
3242
4778
31076
5111
27940
26462
9761
25975
26822
15956
29931
27213
16867
19040
8154
15495
4449
19365
1558
8189
10183
15447
13708
13620
1176
15045
15589
21378
22496
21654
22968
20083
16908
5970
22270
10860
17918
2597
12231
1166
8545
29920
18988
12765
32570
6209
24197
22946
14528
15220
24284
3854
6254
13017
29345
11807
21334
17416
23198
32712
11448
2835
20782
26956
30675
17675
15018
10987
27643
9157
14885
29120
32492
3805
32345
16618
14686
30204
23264
30186
14810
6231
424
27724
22987
25976
28833
1162
10456
23361
26552
4653
12913
1326
31497
30005
16808
218
5456
25275
5955
11205
32417
8405
17935
24148
15194
14778
10615
22553
22357
27174
10836
16725
29026
20224
17927
26043
6900
5691
3014
3191
24602
14074
1075
4463
2993
29943
14131
9161
31705
13093
17405
19885
6821
22932
16241
10572
20247
21141
19628
26401
31307
25376
9177
2422
21746
25202
31561
31019
16642
5370
1735
22451
25516
11894
293
12895
7055
16218
29723
31455
10027
4465
12882
26886
3992
14278
14267
10701
11127
21957
25637
32667
20010
24990
17423
14275
30528
26090
23482
6478
5683
1681
10371
12540
13910
19691
19568
7813
9993
32549
6153
18212
29743
1767
26217
4438
17122
11059
32660
3552
26213
8593
29963
12815
16729
14953
11422
1859
18228
11440
3458
29615
12784
17606
931
90
16384
31391
19771
16489
3720
13090
18084
15777
25549
12494
10347
3624
32235
30627
27557
30603
14790
10304
18566
17157
9794
5705
815
9983
22455
7691
31432
27091
3999
32099
11983
8661
3218
13275
11951
13972
5749
11799
10133
1885
6894
16496
1151
23297
28186
13534
21654
31960
899
28699
27581
11014
13132
29189
29034
14845
24495
13637
20916
4420
3754
12846
17582
25974
19444
2279
24564
21389
26422
5837
26243
16736
25208
31507
19150
10091
9433
20139
5902
10191
17796
4970
12249
5785
735
7783
9462
22343
14854
420
1136
13193
29303
14576
25577
3908
21007
7691
5169
7644
3381
26636
13079
31923
10069
14848
3967
22253
6032
1236
5045
30327
9649
16501
10753
26183
4963
16437
20348
2533
26018
9841
18721
20010
25200
15216
12071
22343
5833
11151
17039
20490
30936
28827
16633
15965
31339
27263
10939
272
8101
27423
12084
23256
28146
14723
13150
11927
18240
20536
9891
20701
1389
23283
6642
4783
27131
14200
19729
27016
13835
32186
9781
22686
32393
21316
18384
32614
4260
3543
14506
29018
31361
26965
21043
15098
3120
21725
26904
14353
25823
6968
25620
7993
24653
27252
13577
26273
30850
32462
26703
26126
28606
29910
15947
23072
22191
1741
836
11479
17126
14674
6515
10069
18828
15166
26969
28902
4689
31948
11350
32573
5798
16893
17782
23553
24876
13370
7310
25480
24940
14139
12168
24802
10184
1321
19963
11033
7601
22015
13055
10167
3611
5686
28991
22153
4654
28833
25935
19107
13887
12182
8768
13476
27390
14670
3186
25147
5873
11150
5802
22250
23585
23175
21860
25098
26131
14076
23659
22032
21497
24482
6822
17678
4906
25036
10293
26237
15824
27975
15037
2617
20960
32643
13311
15565
21584
18932
32432
241
13444
22456
11652
16977
1033
13946
4237
26000
22149
9878
13507
6541
24046
5758
484
19941
5883
27996
27262
29369
6616
26873
25161
26033
25374
4829
3771
12352
10498
4280
26071
31530
4301
21504
12102
23364
22668
27868
7080
23419
18696
1089
26156
26648
1016
16730
13406
32579
630
7726
10305
19141
22448
28541
22686
1810
3040
9194
9115
23430
9086
32352
3983
2031
9907
20398
11797
2892
15634
29556
13664
10196
12675
5187
17358
26682
29311
31488
447
2608
25219
28041
5543
29226
3262
24731
7778
3172
4621
244
10184
16166
25130
22452
19842
21063
5409
3593
28
28656
30979
5131
8282
8866
10205
12005
25808
29818
14827
12854
15789
5044
26634
26807
10968
8303
12908
28701
14398
1967
24463
3137
5226
4008
26480
13694
30038
31034
7932
26202
16256
23224
14279
27753
9025
6125
26624
16495
9306
7009
20133
10693
16336
13528
26611
12542
9211
16668
9761
9673
11993
32508
589
15385
9896
13717
6583
1156
24755
4048
11053
17385
19052
20780
2246
28246
2235
18366
20947
18729
8598
8054
2323
30837
25554
31395
23334
31655
312
29625
10564
23913
3804
27730
11311
6854
24490
19828
17254
1423
27970
7442
17564
9726
17158
3285
24424
24474
8048
26140
26942
23898
16298
30529
9630
2317
2392
26142
24203
4601
1720
3023
24895
18115
26862
15802
13085
18063
1177
10189
4839
19815
31914
7175
6705
8161
3958
31546
4886
23036
14858
6927
22057
9548
9662
19786
17582
6743
5133
27727
13067
20798
15523
4325
22393
26016
20920
21819
4351
29115
7837
18729
6817
17620
29844
31671
32469
22745
23013
15843
24374
19270
12078
671
25724
23877
16123
26
27308
16153
27542
30272
15756
10940
28449
16004
31066
4551
25057
2269
25533
25235
31453
27150
20732
10398
16040
7979
26990
3120
4219
10841
25394
30014
22918
11477
1055
21902
14984
8760
32766
24092
31646
24825
1783
9149
11864
1075
6218
30466
13842
8872
27968
29535
10882
30471
4192
2444
18573
23914
29925
2348
25951
18979
8816
28077
6074
7608
18683
29295
2958
31276
20750
12840
13259
32128
15413
21895
20083
1402
27057
5399
28403
24741
4974
4711
691
4249
5941
19560
1004
380
24611
13078
20154
23241
1114
7770
19570
19792
27382
11311
26933
639
3651
18949
1989
4319
11821
28002
26520
6625
1783
16335
12587
29915
24624
16882
7321
2894
2019
10744
26220
19050
3599
310
1715
19924
21590
17679
24149
10150
17913
3864
20132
27064
19460
2170
28469
21534
20934
11416
22000
19697
28036
7922
9571
1363
367
6217
21851
28589
26834
12037
27062
27451
1424
32467
2931
18635
16846
29586
14347
3265
23021
15216
31492
4703
699
9296
26051
29763
16362
26736
14754
24113
32449
11848
30786
11283
18705
16309
20003
31294
9323
15446
2929
2807
29072
19254
7969
9526
24617
4012
18493
20650
19128
25984
29052
4860
3791
10319
27414
4696
13696
2609
30422
16682
20
15768
23153
30501
11519
30332
27670
7050
2324
1717
19782
17575
8438
6568
18406
28830
9935
21285
403
15207
24644
21904
31029
13848
12456
29503
727
17252
4975
3876
13750
7522
6886
28844
151
26768
18210
3814
22622
30744
18742
5864
13533
10066
1706
12655
20458
27785
28968
19397
23220
2306
1655
26600
7511
31290
3246
14312
13485
4208
24225
2193
25191
20067
23712
16202
9053
30301
21857
28477
35
26736
31546
18872
19421
13824
14739
28115
17748
3714
32412
23380
20041
27010
19771
3279
11529
4587
11081
32018
3137
30339
16381
7104
11540
25525
13992
30011
32619
2707
14755
4551
5260
31003
6534
20461
8175
26553
29851
15902
31308
14
29331
14233
23289
240
26743
18575
15219
25522
30945
7556
6459
26277
1131
504
2531
8414
32360
12871
21864
826
31186
1230
2754
27296
644
11855
17082
10118
5801
9622
1276
7863
21621
27229
877
26451
12307
13166
8126
2583
17886
18439
28482
17886
7379
2178
12540
32104
27974
27189
27133
12891
16341
27288
7149
12679
30875
15781
18919
21614
8870
15237
16266
31748
4010
20840
20044
10419
8182
31157
29970
21410
18088
32611
9726
27959
7709
4262
7816
9435
8364
25807
1489
24061
22932
31085
17715
30297
8754
10937
20253
16762
16248
11057
18462
23933
29594
7810
17983
17689
22538
23467
6806
17116
5031
6752
22808
10679
16690
4012
4783
30397
6657
15835
30093
16424
14583
31639
18367
5533
2483
30289
28677
13745
14344
13283
225
15531
13229
22387
31214
12427
7222
11674
13171
3660
10563
17349
10296
15463
25336
3804
4504
1688
16045
25890
2520
1764
29670
20317
10423
8155
7557
30006
20038
27675
31550
10466
4090
18197
26444
22018
31744
21268
21602
22472
9936
8315
26597
31324
14085
23117
1112
11134
25452
7155
22552
7788
5979
21562
17481
26374
12612
22940
12304
20528
3977
5056
7170
29048
24466
24132
2525
18425
25374
2233
3190
22142
8150
6127
5107
4331
11560
11379
19002
5849
5202
12887
5034
385
30397
15921
2056
18651
28301
15206
30652
1031
23926
20393
20797
2283
7633
6078
31434
12062
18927
8580
29787
14852
3501
18226
21975
11835
13896
20449
32135
5686
29811
31051
715
31272
1191
20178
16651
3876
12731
29124
3825
24962
26036
14045
30165
32388
15582
15629
32121
24890
20252
24956
24567
9890
9084
13516
14839
19732
526
21918
2853
733
6135
21591
6883
18475
8641
1060
5434
26665
4085
23867
29719
3434
23020
21604
2228
30091
29410
19384
14676
2068
5452
169
18227
21664
22635
6979
12477
15422
17442
17074
1022
18966
22277
23299
13658
32592
12978
20527
20094
5681
25188
4693
2454
135
28613
10055
11456
9544
14852
30024
14785
8566
17192
11028
17912
4165
26532
26913
3728
7808
13355
4133
7417
27945
19909
22744
3992
1888
8227
6395
23229
28549
17967
22937
5590
1953
24808
8845
10467
22786
20589
8004
28202
32550
855
196
7212
14811
20556
16621
3031
27299
3538
11007
12029
349
23648
19805
19205
7202
22203
14481
19425
24174
7296
12175
17216
17280
27388
11582
26628
28675
14404
25396
10742
18157
1154
5569
11704
17832
21902
31024
17660
27504
4286
29769
14068
12284
9982
27675
27913
19808
18211
31992
22480
24882
2684
17600
8250
10475
20394
8803
30987
23953
14258
3745
9357
29331
31057
29204
645
15349
32400
7281
14950
16300
151
16651
21957
13900
5574
7320
24333
32480
26114
10296
22644
2585
31053
32179
7981
172
21658
20738
3807
10485
22751
8978
31063
20448
6251
4548
18042
14601
5754
26936
20605
23074
9479
23115
20568
26006
21729
31326
28279
26731
11265
28762
19379
32621
5659
29424
5762
26505
17267
31782
106
28023
27122
22031
10172
156
7289
25817
18814
27950
11381
21006
20393
409
18868
32019
3989
8993
21623
21749
19633
5577
5576
32612
21367
31604
21005
28928
16543
20043
27102
23252
18579
23134
32020
4384
4900
31374
17442
20316
32635
7338
5033
32121
25682
20696
15942
23146
8292
26679
18607
12259
3873
26306
9214
29537
13735
19576
25164
30826
15342
31162
6530
6166
1602
13044
26732
29134
759
1919
21007
10580
88
8134
25405
17923
7904
13992
22118
5977
13229
16926
10673
17074
12081
3870
23371
24150
23595
21695
16383
15798
2773
669
10248
21235
31839
20095
17955
18848
8861
17719
3304
16073
2045
25290
30297
14900
29627
30161
27068
19686
7768
21023
13222
30953
2632
5796
17497
17997
21739
2705
10319
10605
5054
21949
28439
7796
4563
6216
29792
7711
382
9598
16212
20420
30290
26110
27687
7315
15179
9499
21487
2076
22861
19842
26294
29201
25037
22813
27597
9549
20942
30776
7268
22550
8464
13283
19544
415
20868
3991
5452
10449
4866
28188
14331
4171
20286
15785
10188
25512
12793
12110
29864
18944
372
32143
1800
433
23338
1618
25170
26975
10430
15355
24933
6713
24883
12757
8562
30590
27227
18356
3855
22336
11922
14552
18822
10345
15020
4629
20595
14843
30763
21297
12174
1948
22453
16270
7365
12113
32710
8712
15502
29834
21411
2081
123
29791
26255
14428
21518
28441
12096
26598
3024
19188
3988
29563
19101
13347
1153
8072
20802
32277
4682
9101
27722
10743
16633
1222
29716
13946
15625
1034
4905
7382
28771
8947
18125
7951
10124
1087
19924
19318
5916
11126
31159
22900
21874
24525
5607
17283
7334
13899
22881
17021
26815
1834
5763
3609
17958
21120
7454
1714
25691
22559
716
11339
16615
26297
17796
1745
32402
9800
31851
25503
15573
25004
2797
3144
914
5014
2573
23184
5891
15014
23545
19899
18417
14544
7650
1291
5158
16900
27658
17284
11044
7694
11295
24818
11031
16827
20935
19501
10761
829
20860
668
24405
28112
13722
8440
350
30878
2486
29010
11136
9440
4146
6744
24647
18247
30222
21460
31711
154
30977
17525
10956
10656
13257
27858
14555
13888
1215
17324
19545
21479
17070
26483
24962
18218
13285
2316
6716
19629
31627
29650
13830
323
28979
22235
17963
5462
5808
13180
29243
20362
8235
5391
24763
8861
17011
30195
6172
23186
15251
30165
27626
9486
18858
17710
19014
30978
1015
27149
32150
8586
18996
16919
13947
28693
15909
26060
29188
22983
31600
20748
4129
1051
431
29913
11866
1229
1220
5726
6848
22775
5996
7984
29476
22394
25624
17109
17544
8863
26616
7555
16083
23806
25688
12329
20681
9631
31279
23988
16441
8032
9205
19851
4728
1942
438
22363
22799
8183
11109
23578
14001
28600
32114
12358
12400
8178
5022
31598
7984
30538
26127
12532
21851
14545
15519
1553
19670
27177
27770
2329
28980
17642
5096
15873
23082
22339
18535
25630
2627
6117
27389
18735
1493
28956
5836
19870
22068
1855
24039
32259
19749
15947
18532
26090
7318
17099
18867
32726
5772
6651
8238
26246
10588
32044
21232
11126
27678
1130
16875
30377
20319
25693
31797
21414
17942
17261
20643
20417
31449
27177
19609
19867
25937
21226
7456
12780
21484
23731
1593
19840
15825
9564
25714
10368
28953
20208
27830
4851
28988
13395
7785
7812
6601
20776
7093
25990
22875
24817
23582
17205
6344
31096
27997
24895
8859
9327
13931
16003
7877
15443
28892
4888
30351
4246
19566
13713
13523
5372
28898
25983
13932
8262
21002
7992
16107
32270
2596
23767
17803
22514
11878
26756
3688
14836
20954
9206
25579
13857
10860
26933
1161
27505
3138
26789
6317
29679
12107
10304
17650
32281
29467
2083
11414
5514
5366
28748
30764
24278
3114
2978
13456
19126
162
13365
7712
1125
4025
29896
11305
8009
21324
17293
28832
18390
24339
23087
8211
31664
10289
20245
21982
3343
2825
21478
26786
30056
25428
15688
25331
15178
27248
14318
29777
28550
20475
20177
28250
1426
16545
9917
8765
2863
20274
4880
12914
842
29688
26559
11433
26656
5703
11417
0
6310
21589
5584
9080
13608
32076
26037
170
12080
29086
7107
30390
4265
23961
5343
2429
15940
571
222
4368
14619
71
20808
32103
9109
22936
1371
599
3465
7350
30547
16318
19366
28327
3817
14849
24082
26376
32026
14008
10833
29276
25897
20903
3177
11939
5863
24049
835
30255
15922
26504
31829
3251
11196
26856
638
8861
6926
2309
21553
8869
6604
30081
9430
32166
29754
11555
3437
26797
19199
20101
28789
16720
13865
16140
21772
3138
6514
15901
32087
16932
3521
14478
15396
24221
1012
28763
19918
26028
1245
19611
14433
21309
12938
26034
30463
10491
28362
8647
29827
3686
19180
30073
6499
14117
9418
7373
28891
925
5383
24683
10568
4034
4756
15115
29650
9261
28537
29482
1869
15728
4818
32001
19041
7590
5143
14519
26857
7246
7073
24790
22682
10329
11370
15612
4325
12417
15125
27859
31262
26077
13870
24386
22493
3250
25522
18917
12965
20365
14290
13499
1219
18574
2292
28191
11897
13575
17659
31482
30044
1862
3016
22326
4859
19118
21248
6774
5825
3597
30480
21764
7965
18473
23919
14602
11743
27292
3107
25606
7142
5858
23175
23672
28664
10673
8011
6109
7409
4232
32700
7393
27424
7563
17478
5585
4334
19854
22071
26447
16064
13424
19141
8009
8735
938
8019
20524
9239
24359
2800
11348
26332
29783
2337
30152
18100
1919
480
5668
25104
27475
13028
29398
27900
5830
15907
20877
21434
19745
406
24815
28842
3154
7228
14731
22894
13703
17505
27406
1866
9212
21280
27065
24273
9745
10535
28690
23230
3232
20666
10458
24096
17549
251
13632
29114
11935
26216
25428
28841
10638
21669
10430
26695
605
17788
13744
12112
16105
18722
13337
30787
30403
19387
1820
25355
11835
21537
7872
20959
26557
8161
13289
1383
24417
16519
135
17440
9405
7708
18445
4353
1790
748
17445
13663
1847
5261
18849
8718
17656
24092
14773
27593
6435
20426
4964
26323
21243
22423
14649
9695
19326
30558
16183
24622
17141
31762
21778
759
15561
14919
8352
29195
19864
29684
7306
15289
3976
19319
20295
17391
12507
26585
28235
10915
20676
11860
16763
29041
7801
13586
23269
9350
28298
21304
30382
2748
14961
29219
5963
8454
15978
1009
12788
25871
10629
17220
32598
13086
5113
8258
17545
15165
12219
32481
10305
20890
26447
10849
26696
7725
24287
8730
812
28571
2954
9079
10805
13659
21758
5443
3993
25879
30025
14371
25843
20309
2796
16484
7666
10070
4401
15607
19278
16958
12991
28602
8705
20854
10860
31482
691
7247
9810
2101
5494
31976
24869
19492
19891
9297
26052
3064
27236
27120
12557
2021
18052
10788
9718
28381
3524
30761
2009
16286
10624
10044
28432
15086
31217
28415
27586
19237
12196
12062
19196
1261
22827
5683
12804
9542
30994
12263
1002
12493
14357
7770
17759
6205
1935
710
29386
1590
18486
22879
31897
14909
18694
19581
24021
5381
12923
17148
250
14828
12803
11747
26373
27081
31155
22853
17614
31461
26681
17509
2712
4679
27922
17693
2535
565
31997
31361
11666
29175
10927
21183
30744
13022
14280
10314
15415
26245
12806
14903
17339
23127
28856
999
22677
15441
1654
14310
25644
3337
31504
25107
6392
29424
25028
29953
23116
21204
8116
18078
22131
20905
30359
16402
1791
9096
10158
17642
2910
19448
17145
5494
4526
13165
30380
12399
16850
13838
29405
30685
24262
4027
13695
7480
4655
18767
21139
6350
5687
2850
3229
12388
12695
30931
20821
20768
14837
31300
28320
16551
4209
5605
5054
27010
19579
16438
29381
18118
2279
17543
5710
13044
1859
11010
16238
7710
7528
16364
24552
28491
8527
8232
1184
5405
18214
28413
17491
2481
9635
6425
1670
19911
21657
18645
14012
7971
22985
28602
14316
28211
22522
2372
11314
22257
13388
31463
25797
8459
9673
13648
3625
2881
25405
31469
27814
26127
25415
28591
15608
16781
25265
22031
3400
12947
9469
7503
8795
29472
9024
9474
15626
25085
7476
22990
21490
9629
16520
3953
5484
30280
23162
15362
17856
21369
18344
30841
19861
10372
5667
27250
3244
9339
3526
31534
17614
18771
4806
32731
12547
30275
5769
14101
7429
29037
2748
16300
4340
13504
2720
27816
25931
541
11940
6794
21267
696
15929
27093
21591
30146
13282
717
26839
12869
18314
18047
4864
79
29467
4353
8476
3410
9548
28923
5831
32715
5819
30822
19106
28194
30011
2708
3147
15569
22895
19313
26252
10185
15000
5128
20946
31505
21675
4169
27361
16049
13479
27145
455
22990
24357
9546
5390
28950
17712
4541
3382
1119
31576
30085
19555
3978
26370
21822
26194
12974
22018
32062
5265
9587
13420
12314
15088
31163
21670
7788
4147
29064
32194
3028
16137
27674
13323
17725
4930
11863
28638
19554
1852
2672
14012
23696
17822
10946
19100
11437
29513
1018
25478
4729
21900
12925
10077
27412
10391
18183
21501
27841
14899
18065
20358
17897
7344
24953
4854
11619
1566
9693
8958
18418
12224
12615
2830
1807
18877
9616
3763
25833
22297
25854
1314
8619
1508
22960
4885
26109
22449
19516
14037
28365
11850
3478
23192
9807
4258
30772
24846
20034
15371
3183
24631
8054
21929
11309
32375
651
20519
14781
9708
17915
22952
7682
511
30043
26113
31188
31545
13789
10533
1699
9561
19482
5600
27229
21411
12046
13513
658
18298
19556
26482
27351
11569
25076
27617
17000
23327
4235
13380
29969
1777
3050
26336
2894
25924
3089
6731
17841
26484
25533
8667
1924
2990
24623
32350
21680
29517
22063
18187
26333
13155
81
7865
7643
5013
4727
2383
20288
12077
9879
13692
14675
11370
26302
3752
7465
32282
6229
11050
17422
25451
27812
27323
29735
6655
14996
22826
6229
30270
1465
10578
8027
22000
30351
23626
22084
8459
10244
26843
16895
19657
28215
30519
15437
5374
31360
1255
22493
24489
176
1286
20404
32457
16794
20653
1491
17522
7890
31662
21780
7455
7092
24965
14934
9290
28584
32395
6361
26426
3493
26989
7659
18973
17652
221
1989
17238
24375
8583
21424
24856
24489
30791
5996
19764
18343
17561
2513
17199
1136
8017
32439
11416
27177
6540
23060
22424
24612
18406
15972
31691
8801
3565
31310
334
15445
15830
31108
15898
8427
24687
15595
7568
969
14677
7676
26196
22484
23399
24938
4703
5878
24954
23812
27984
14111
8015
13534
27907
28809
24258
29611
30821
14657
32067
622
4231
6627
32138
17234
4081
16292
24967
21461
29752
28566
24728
14892
26067
16168
19967
483
29226
13804
17299
3013
11248
15518
25781
5371
9651
32097
19846
14712
31409
6475
600
30100
23022
22308
29538
27382
18307
12139
26807
27832
2105
22938
27257
5830
27478
16044
31049
29831
26295
29915
11011
31424
14623
10414
32680
22709
1743
5939
668
25745
9303
32137
3090
9991
939
8610
14020
19002
30585
22599
24039
28634
16570
11357
14174
12944
6792
2918
24110
22173
14383
6987
24882
28094
27014
7512
10768
29266
22912
648
20587
7614
6910
5379
11610
32273
30695
23269
17177
3812
13947
5697
19711
22917
18660
1638
2992
24660
6926
20064
8596
22892
29369
9410
5000
31878
5581
12451
16851
26651
10989
14311
27995
25033
2126
704
7449
30200
25802
6259
30666
15037
7984
14688
26087
14847
4063
14909
4056
18136
6291
9378
3173
16957
26238
16586
21357
4834
6811
27800
18650
21592
19519
25560
29652
376
6641
24008
13877
7685
15483
9174
6205
9101
20545
1452
31880
13712
18642
20074
20540
24805
17085
7986
2951
27224
10150
21226
5705
28824
22680
20285
25869
25937
21149
26339
25150
8597
396
12579
30616
6528
13603
31382
19420
29468
27733
13101
2248
1154
27365
32117
15686
32066
19764
17178
12260
16133
3672
29355
13700
10609
13421
19100
24660
23885
5936
21905
6913
15078
29898
31706
1064
8113
18665
20025
7694
10033
6677
28140
9872
29467
12610
13799
11101
16057
28577
2402
11874
16780
14012
27539
28294
9525
5826
17597
10392
4758
14111
30825
25733
6708
11600
12531
8911
31711
13814
1097
32314
4502
1065
22000
5577
24997
6926
6728
21224
7184
26028
24336
24555
1844
251
15660
25271
8108
27710
6054
20415
28530
5011
19444
26931
24646
26825
14201
15987
3412
32369
13902
16330
22545
22840
32577
14937
17510
27508
286
20561
24592
28412
9518
16742
14663
4413
6910
6016
10397
9610
4449
2995
29226
20916
184
14193
486
26843
27249
26110
18262
26755
12750
6693
29803
19434
29160
7210
9127
10650
29939
9215
10625
20282
12483
29626
5387
20393
27791
30279
9170
14158
29686
13914
11525
23209
31551
16808
18394
29486
6373
19543
12590
32340
30803
10419
13420
4841
10732
26402
7087
8360
13390
12890
27435
19981
19160
15313
27593
26728
19818
19573
18705
6705
30059
19870
17997
23451
21521
24129
20203
20843
1500
18534
26148
3595
16228
27356
14811
26842
5973
27435
23752
24519
12728
17354
27605
14110
12404
658
8904
19361
3348
19315
9251
19163
16330
29542
30792
17841
22452
18338
2017
20794
26719
21779
5503
10705
28810
17416
31361
3176
7724
7212
11064
14879
5048
1207
17993
23061
4767
21733
13138
11645
12054
2216
5328
18933
28955
28057
4416
19988
1714
7221
14212
17474
27509
4422
649
10189
10571
31647
16423
16441
5752
4620
24392
18135
13526
1417
26957
2713
5729
25522
10925
1572
27385
32123
20191
7207
7012
9761
29563
28139
5523
24161
30364
44
11814
16359
1160
8744
15154
15625
10387
19189
19521
2229
25920
24855
9114
15016
6058
8274
21699
993
10786
4541
11333
1878
23066
18968
17583
10981
5442
25183
27869
29837
12784
24223
17274
18398
1733
30473
11204
6062
9614
30533
32655
24590
15720
10249
8845
31869
26664
30441
23244
11867
26361
20593
4736
26528
4679
24689
26371
11725
220
11416
10522
10531
10825
15684
12922
13331
2184
18585
13451
32503
31967
5073
25707
7167
31751
32466
10294
1902
17806
28166
10629
6
10874
1639
28980
17344
10031
28633
28777
1217
21651
4541
6865
10890
29807
32195
30253
13167
7449
31999
17166
19018
18512
29504
8924
25712
18791
3229
24349
31716
28326
26960
13812
14795
20973
15304
20456
9504
7322
3321
17127
10665
17069
6903
18059
2858
31018
1475
32156
6360
27583
15972
30933
13584
30119
27706
22251
1353
25038
15504
9675
24136
30262
20592
26915
16531
20121
15547
27173
31015
19024
20601
13448
14957
4467
5485
25807
16747
30018
16108
11213
23351
12227
31472
11113
24242
18093
22889
4255
28274
5509
15827
3783
5888
17159
3853
8218
7492
9671
6505
12146
4413
23576
22272
3921
30966
6957
4680
25125
10165
31102
5864
22474
5493
14445
25802
25681
19094
20778
6514
21504
13268
18644
911
24729
29302
4065
5328
11232
31943
28863
9721
17239
8906
20923
16694
4428
19242
20003
26287
24341
31856
27303
32604
19611
1656
26885
29211
24853
24614
32486
3840
6422
3413
29698
17644
5578
8464
27531
21857
20860
12293
23753
31380
32092
18230
32514
13252
27776
15090
11420
11211
12328
25092
389
28147
18758
4394
14547
23818
4926
27337
3496
8377
19434
22238
9049
32017
23777
14136
14543
18535
18937
11237
11053
29538
26890
31722
2994
22354
18165
30263
19682
16067
24037
24281
19168
23635
213
15474
13087
9152
8275
6630
3897
14661
19587
4184
30495
27431
6246
11605
11891
27019
16988
2382
12594
12426
17896
8780
29590
22663
15028
20191
22843
16576
9429
23895
10112
18468
6735
13111
30512
2149
25052
231
26978
18253
28393
23977
9117
4693
24290
24526
22336
14452
23471
1322
22561
5685
1919
32709
1653
26636
21956
15059
4080
5866
30078
11239
19501
13071
12477
17507
14415
4384
25953
5939
21993
15737
31525
1723
28955
14788
31452
3853
4606
14538
11002
96
7490
19594
21845
15806
26646
14984
6701
21500
17224
27240
29802
31983
16814
8891
21286
25309
15812
2073
27755
14386
25238
4720
11582
30580
15329
27803
27356
24441
4469
29239
14659
32728
4573
16306
2804
27037
4162
2212
32248
22593
22925
10339
31265
26329
25804
8402
1170
9613
25303
31609
27777
9036
28979
16603
13628
16318
29750
31235
24938
22906
23660
28769
916
11386
23354
8148
14308
29899
19137
3848
27436
10633
19717
514
4905
25611
26191
15097
15370
18267
5840
15720
3884
31721
14214
18273
14120
4992
7780
29988
17679
27000
19885
17136
31476
21294
12961
24857
8107
13489
14171
3675
16337
19902
11258
27758
12
21231
19199
730
25748
10031
23798
25613
12787
18801
16217
10411
19209
19106
21169
13605
12370
24539
5118
32141
1132
25820
25945
15273
14803
25270
18904
19270
19952
28359
6322
8398
13650
30187
27555
3613
23867
18417
19602
18833
26206
30540
26226
27488
31975
24843
15718
21807
29116
28940
12840
14304
30978
30316
21675
11179
12772
7233
18943
3696
23439
23180
18806
7243
23425
29545
29957
30314
30980
20617
4332
3099
29173
21730
24217
6697
19658
30373
7882
13417
3028
13681
32499
3472
9664
16582
30175
28999
26468
25276
21401
9346
8889
757
2189
8205
20259
21968
26603
22887
32505
3039
26956
3540
20033
5532
11672
17326
11963
20311
19239
30204
13602
10611
9510
7750
19374
8402
21053
4263
28125
7054
22126
24099
20851
32234
13377
12603
8383
2952
6430
22719
10785
26844
10490
29924
10441
20704
11574
31382
2753
21257
10947
271
22574
11642
9099
3497
8147
6009
1804
20976
3286
4127
5702
4092
2503
1363
16088
6398
5342
26361
12646
6680
10628
31334
14141
11122
25365
535
2874
21898
15589
3491
14824
203
4993
1519
19688
866
19255
18849
17814
16717
16344
28119
10985
4788
25020
30488
11931
25725
9223
7819
11658
18203
8235
30566
3935
24486
4782
2218
18797
28465
5422
12046
2268
25688
14754
23352
18438
11032
27362
51
21281
12004
13930
17950
31
17140
25434
21793
7634
25825
31426
19622
24148
3439
9501
15045
16550
937
283
10239
15767
26164
22436
2864
15335
24285
20761
14783
4013
13428
4061
10264
2294
11997
21524
3676
21935
356
3242
17750
15045
12113
31127
28594
26762
7868
17250
17257
28251
19875
11236
1920
4480
23866
15439
6642
2899
26498
5231
4587
29348
21277
16175
21046
21597
6497
12382
8185
16226
12971
20403
4512
18363
7414
13583
27159
17653
12460
31235
13372
20421
14267
17554
12948
17135
31468
28472
30524
17254
14705
29227
14371
5045
16060
29152
13175
13981
2712
5841
14429
9472
16242
4734
10213
6910
19191
30129
573
16477
31973
15367
21541
12334
26
12460
6306
9133
27122
4198
25335
17514
21455
3285
25809
27046
13049
5369
9410
17664
25257
1780
30960
16977
5216
12049
6671
7892
6781
14342
25228
31626
16655
28790
3595
28380
10472
2490
3348
22915
22771
13281
16649
677
31175
15093
13404
16192
28539
2432
8958
10444
17852
13391
26395
10012
8734
29558
7684
20870
12464
11413
6509
27459
16083
29273
28888
32536
30796
7493
18257
24118
31383
25010
6492
1632
12926
1812
10028
13131
14315
9344
20245
8010
7163
1643
27716
14123
23891
8629
3502
17755
30391
14310
6470
22609
15321
4279
12147
26666
30830
27860
25281
32657
1415
5600
6103
27618
18719
12217
8617
14479
21488
12030
28142
31170
4492
6351
21973
10820
16040
28628
26355
8349
6587
29313
14464
24445
456
3736
8388
17754
30583
11759
24268
24411
13419
16499
3169
25461
19664
10093
27707
5588
3891
26116
26737
7548
5783
15107
21812
3120
17093
2013
19389
7570
2787
10479
12676
29069
24136
8964
16307
17904
1935
18974
7898
29531
17898
17780
27364
12639
4281
5303
13130
26081
14684
31385
19334
959
24389
28816
32715
15543
27217
2007
499
2692
32600
23479
8889
21321
8963
30980
11048
11571
32477
24298
27219
1370
31917
31978
19271
11753
11268
21023
1854
6015
9746
4550
18453
14805
25533
28925
20224
28576
14837
459
29565
18873
28737
16225
3718
7547
9630
12191
9739
21100
30602
15834
27807
13088
8028
13021
26994
17755
31190
28205
23679
28022
11517
17554
13062
24836
24616
10194
8253
11445
14936
31680
11843
20858
6855
15477
23381
15593
16324
23006
5956
8420
20413
27767
13606
28277
30878
10069
9548
30717
6490
11114
2933
32398
10694
8197
1345
11925
21678
13464
13545
20412
30755
28606
25644
11278
18
28540
21389
29276
20251
32455
2491
6112
10655
9287
14161
32033
22299
3675
703
23062
28085
93
20616
13710
31765
9511
23471
27600
1398
27350
12907
2174
1021
19406
27426
30655
25929
10494
9621
21148
13643
6501
11353
19115
27480
21204
19078
30955
3452
4086
10675
5104
7698
6031
19489
20800
1937
18689
30518
30204
31401
21012
8749
23235
29327
29174
15629
26323
21397
28033
25559
18033
22525
6333
20996
24716
16143
6566
10798
20381
29289
18479
26126
25041
5527
20358
678
25706
13283
29850
15551
15970
110
9691
29078
7762
23680
14400
30675
16275
6173
30095
1210
2723
8409
24537
29093
5322
4845
20035
30130
17149
24713
18189
10169
5122
876
15052
23681
21973
27827
1274
13619
19019
9966
21937
29198
32501
24185
26804
23901
23623
17418
11695
25254
12281
32134
17856
9765
13998
6425
31285
12408
26836
13957
4248
668
3787
23226
8169
9752
24649
8616
19242
3448
13053
16977
1313
22781
31858
6434
16729
21395
11063
11395
13930
15363
6973
24493
5498
11882
10624
18363
23300
16874
10985
22276
7384
11935
19059
21161
31075
4053
4750
18026
3121
5752
9665
27326
2992
16331
27282
12578
29751
25693
11946
27313
25670
13114
1333
15605
3600
27998
25736
22781
25142
30063
18182
10415
22486
1963
21316
26208
30148
11807
20331
21154
279
17689
25566
31837
29928
9185
28957
20258
10070
15780
31978
23483
16333
20145
31402
3847
25225
27112
29453
19205
13653
31342
20209
5678
8601
3494
18820
21768
30611
31069
19881
16888
22245
12869
17054
5975
80
26277
3035
8137
29887
12622
16445
8394
1415
30929
23651
21386
14829
20207
29785
24571
11753
25681
10355
3624
20009
25722
24956
8648
5465
19961
6160
5139
11938
6883
11079
8148
8560
19840
2708
21440
27257
13637
14060
7942
9723
2
24362
3111
12100
27485
7090
7688
22904
10879
3412
838
9615
21517
25460
5065
6557
27738
3432
19612
7510
24539
6946
15867
32721
475
4367
8110
2700
25455
13118
32662
17841
5805
3013
16006
20887
12825
12385
20308
31116
10336
2908
27695
25554
18505
11188
13874
743
30952
24697
29498
11273
1557
9079
24053
30458
4380
5909
15420
19201
31158
7037
12195
15665
21304
16125
29774
9197
14859
3501
518
940
7516
1107
17291
14586
20756
10883
22572
960
31755
6155
5014
22468
13944
27022
12266
5747
27821
26734
26130
5599
23041
27119
24660
6404
12301
10650
15143
7503
15899
8928
2118
8545
11483
11776
2052
18704
8792
25643
3295
686
25131
3813
15703
4494
15854
9902
10241
8645
27124
9442
24023
18734
2615
11486
1746
6577
2962
20580
9403
10436
7473
29505
30782
12337
24133
4652
15424
11290
5116
28914
11122
6715
31664
29648
1062
15984
3423
10272
32354
4215
16987
16441
26675
14070
13378
1680
23620
13248
10289
3107
18095
9556
23093
5655
11283
16807
7426
3743
26343
28195
8680
32033
20238
6383
32002
18836
32683
14193
14769
20269
12086
3601
4936
570
19920
9536
9737
11598
24019
4025
11345
2462
15022
26119
7183
13995
16880
6984
14458
21793
4770
3888
27652
18687
22234
337
32393
26361
19341
18841
31693
4379
31397
31260
24101
1710
23379
19987
20852
27487
19623
2597
8793
18846
7774
12774
11687
5189
7163
13982
25622
27514
19993
843
13880
10454
26111
2537
31918
30407
1909
13808
12443
30514
25814
26655
2137
15709
24935
24440
19563
7949
11751
13196
30899
8427
4967
17400
32229
556
24668
16688
14140
11121
11251
12923
26732
1260
25508
7487
22487
30661
22282
12671
22787
7868
13810
8098
23372
27151
13490
31606
20694
15006
19132
20596
454
14413
16242
19270
8114
26538
31036
7302
11605
17104
17112
30921
3720
22923
31474
23004
21614
15548
25077
25933
6638
14591
31264
7213
1126
9356
11740
14357
15517
17499
12365
22887
29690
3212
19495
27350
18932
16389
5315
24105
9674
13149
11634
9787
22644
14073
6929
4679
6873
27764
21469
28258
15426
2884
393
3401
5391
22683
10638
8029
4521
22156
12227
31468
27063
28271
26413
14770
22421
6790
9496
20384
25601
21217
2662
32476
6680
16766
30504
19720
14210
437
23659
24007
11497
28371
24660
22141
687
17926
2160
12119
30176
8057
24133
5516
24933
703
16941
17122
18299
6773
24676
28275
3940
19235
31839
15025
19292
12644
1631
17576
6863
19271
12103
14467
31945
20724
28330
3922
9902
147
12073
23050
13099
24937
5372
15821
15724
16964
4814
1388
15504
30490
16590
27691
13146
6637
10755
1476
2089
21233
991
26542
6442
27633
1048
30622
24780
13039
18611
847
15988
28683
1634
1407
14195
29350
28943
15418
17461
31174
4793
29786
32186
31676
1151
11855
16202
4357
15866
28
4197
1647
28368
22690
27386
23164
5766
2081
12761
10763
20118
12796
27497
20533
31426
3004
5278
15734
21415
3416
8230
18957
32661
30388
30179
1957
11678
20071
1694
22068
26349
15809
18426
16420
2650
28173
11430
25009
9787
19219
27863
24466
9340
20193
13046
12507
31986
15051
149
16418
25068
25009
24488
10208
6923
26496
13298
3611
596
6651
16573
25410
22404
18108
14030
2137
23971
12917
24216
8277
30428
5500
12976
4298
12940
16775
32385
30147
409
21684
21825
3313
1285
7628
29988
23561
10947
5576
27343
5735
3273
4756
2319
1527
18022
5908
2251
31573
13270
25701
25911
2355
20500
12389
18507
3836
9455
9589
7028
22198
352
3965
4233
18989
27163
23089
14080
846
30820
17555
29026
15313
6948
28089
24316
24603
28220
7889
3544
18786
7193
30306
2283
25362
32136
22741
5776
16239
27596
18995
15157
24444
30959
5424
21588
12828
597
25449
24486
3704
20887
10986
17043
11680
16270
5363
9708
26485
3501
16892
14812
14022
27028
3830
30236
18617
20195
16340
10855
7021
15180
13130
29486
28637
26861
980
26252
4872
732
14843
3452
16975
2051
29652
32074
12062
20526
9673
9543
26062
26466
22683
9409
7114
13169
2216
15666
10481
6091
2666
13496
12348
2967
6209
15557
15265
22018
28018
12568
20279
25815
4719
17132
14234
29009
15961
25711
6033
26413
29123
2165
30958
16898
11961
2670
25782
21717
29184
21141
18050
12264
20896
2667
7973
6356
25760
30052
19087
18647
22545
16864
23794
25967
21838
26204
23331
26408
7553
24298
21058
25266
32361
24286
4765
26678
1115
19147
4562
27882
3463
3758
14388
29412
8829
9320
7536
25388
14320
24178
30833
19988
15801
19148
18048
1484
7966
16950
28080
18225
6229
30627
24185
25830
1348
7147
30883
10406
3467
27072
14181
24280
20932
11747
26831
16484
32265
8087
29797
11974
26039
7511
29965
30305
3186
8644
10795
2837
16490
1249
1034
29459
10716
23938
20350
21488
29659
5890
17607
22009
29264
3893
32185
20935
26944
20637
5914
31763
22861
15585
332
971
30080
15226
17451
22116
9797
16560
14905
32371
15799
16581
1785
20599
16670
25456
19608
23033
27574
2957
25810
18136
20147
1810
8468
12510
12929
31557
21982
3478
7504
24876
13676
11874
8912
9797
15765
1736
24889
17784
15603
11533
20367
27722
13124
18693
16676
83
4368
25897
16990
6386
6797
21994
12986
16703
29119
11077
16401
5697
3043
24728
10011
5474
5646
16052
23857
12063
3346
9267
1879
29188
3233
10252
25209
25048
6581
19044
245
20245
27694
10151
346
17051
31677
25048
8815
20900
21506
13349
22648
28155
29681
25791
18356
1641
15482
2280
18474
2928
12905
20302
22182
11324
6027
17559
5886
24535
7954
17981
19353
3740
16698
6044
26162
28654
29229
19785
5594
28714
16420
678
30268
13017
7376
3507
17445
1323
22008
9511
15172
21665
355
11456
302
32265
24568
7127
16804
2223
31780
12855
24601
8658
1916
28463
25199
27733
15268
32486
30978
30903
17007
4591
18407
31045
26951
21277
21878
1678
9168
28569
16901
2072
8648
25905
11511
5457
31794
2803
27382
25288
15795
2043
29052
3997
19004
11401
7064
26423
27113
24919
11247
27444
31529
8489
12289
14758
4128
12453
10413
9084
31561
2149
7159
1854
3936
9547
29706
17406
5759
13076
20345
22667
17543
17712
9930
743
10433
4561
27445
29691
25285
25411
681
27530
7835
13179
17680
20580
7201
9714
24276
6364
17836
21428
15522
6011
6642
7603
25710
32758
27944
31074
24503
14430
17767
27519
6924
19095
22100
9520
24271
2571
24576
30546
17721
16799
29965
4110
20894
32231
27667
13997
3314
18325
65
31149
19341
25144
25928
788
43
25379
21108
1796
16439
13482
18716
144
23881
22933
6717
12494
14317
1230
28514
5165
12198
22877
23239
16905
21554
26262
12989
27261
15376
13457
15440
26233
9280
29915
26920
3604
15690
11115
11437
18723
18817
25560
11375
3594
28809
18121
20420
17106
27671
9132
29363
13436
29176
17067
16400
6293
32597
4827
30441
19723
26933
2231
7969
19007
22083
16590
29019
31579
1490
15032
30233
28902
2078
16462
8229
8598
19412
19739
26161
11621
9429
2573
8122
22246
12343
12656
10546
9946
14733
28445
4957
28159
1385
4335
25084
6440
9503
7031
7593
2962
14283
5873
15618
29558
15509
10358
10505
19675
23091
19315
24779
1710
16304
16217
64
32276
620
32150
11891
17407
7525
19397
14050
24832
30132
15905
21032
2908
2139
15936
25049
865
9533
27134
9134
2554
23406
24247
8162
9602
31405
17593
22235
10454
20015
12024
29197
12462
29855
8964
31772
2861
31074
23865
25664
15798
4895
9525
20718
7426
11135
18064
1461
11119
5169
455
24678
12699
3378
2424
12663
17714
75
24533
29609
12804
5595
10323
9961
31067
1750
16802
21108
23435
20494
15330
29247
8138
10929
32532
21398
3650
28179
13774
9475
20581
16046
20531
15729
11137
11880
13091
24209
18836
12820
26543
30333
1121
4154
24272
9372
26307
11547
7512
1477
22594
22512
25640
2983
9956
32115
10404
25448
25413
25504
29028
12172
17130
21181
27436
6425
31955
20376
18975
31736
21583
19216
19247
12959
17941
27350
27096
17645
2959
20341
7694
32341
26745
31632
13940
12095
30379
16491
8910
7595
25651
21422
17081
26904
22439
29285
3226
26020
28346
13642
8404
12916
2828
31303
7486
3926
24903
1847
17620
13733
32359
18925
20396
14446
14169
22903
30508
12240
14024
7331
4731
13225
7476
14787
22325
26991
26436
13230
4707
10587
3677
22535
28074
32461
6003
25282
5314
2028
1055
31459
20266
30860
23026
27785
25114
17494
13322
17452
20154
13346
4834
12067
16529
27304
24174
17769
16448
7256
20072
8352
32368
32390
11493
25686
19209
12746
10027
7048
3236
11175
8390
3940
19524
25450
15577
31571
10560
18005
4531
16951
18820
14077
15010
2289
6650
7153
15372
23079
29506
16796
28091
14148
30377
4973
24441
15040
14169
28725
27613
12193
973
7632
28004
16962
25480
8199
18883
11859
7431
30389
18300
3617
22516
1833
25008
12055
12188
13516
3636
3973
18851
27907
10727
27041
17654
10839
32578
28620
5378
13012
6960
7702
7460
5550
25632
17667
8288
11307
10073
12688
22869
8636
4238
5745
20080
18285
16307
6813
13921
13952
28943
12556
203
1621
27537
7615
22336
6542
10599
19458
10860
18032
28365
23022
8080
24203
17187
32049
29235
22941
67
9490
7700
10164
27665
32175
25954
28307
4180
14473
1839
13911
17604
15939
14883
18778
8035
11687
16237
19288
16145
19434
8703
19408
9307
18993
30203
22445
3221
1107
11368
20006
808
7393
20266
31971
7468
6756
14641
18273
4922
27109
7920
23959
11643
27315
31505
17882
13829
26464
13159
15870
25960
8205
2596
14270
32131
18919
12108
29789
1693
10226
1641
910
25265
8454
29825
10642
11016
30487
19013
28832
3085
953
7819
27017
4958
7650
11518
24476
9247
3314
3348
967
1427
11506
21825
21248
16365
10265
32363
15331
15203
27029
7069
18333
21893
11656
14847
18952
24781
21072
32006
23831
17015
20235
19176
11125
8850
29530
7507
20073
25176
21606
19038
17149
19643
2849
22976
14943
13632
10191
14911
18823
30992
32452
27500
15386
5709
12911
28558
3727
19874
7831
6620
21392
542
2277
3311
2211
19266
15011
32118
7689
27992
26563
3372
13798
11271
1827
20999
24227
11045
15
23986
19601
20940
20744
22846
22223
25520
5059
2325
15213
17583
629
19759
28369
6826
25166
29064
31322
16788
30531
25297
11844
17864
25873
7013
10956
22688
8575
23680
1172
29507
23523
1963
2120
7102
32231
11387
24962
87
10637
7803
10475
23837
22641
10087
7588
24516
79
10651
3556
32176
24772
18122
13026
28752
24153
24307
1013
19373
3773
31633
17657
25411
23122
31507
21494
28943
22251
4235
31228
13033
16341
27562
17233
29204
12052
7404
8911
10516
31726
2576
25735
15295
25262
1739
13226
30103
22946
26045
14250
16983
14182
5540
3228
21708
3684
7888
6881
12262
24988
5335
4613
17935
5793
20617
2791
8891
18660
1574
5402
21057
25141
3023
13196
31721
7303
25659
3173
25158
20724
25003
20530
15814
14337
29984
7235
9607
32546
32203
23633
31340
22401
11461
28517
2161
25083
20736
5108
21051
7275
8062
24399
15092
13356
19392
17467
597
25049
1154
27867
18180
12887
10405
27607
801
24854
18541
2231
14107
10131
18156
11152
14025
9762
12222
11235
19638
18922
5367
1730
10172
21553
2394
16436
18132
26330
2764
29659
22316
14891
28936
22740
14458
24532
13459
15583
7057
14125
8691
15040
28465
30400
19740
12261
3876
28423
22827
13640
27014
27255
26710
8087
3685
20157
18467
19091
23946
25415
11737
13238
18069
24838
5940
10264
20304
12146
9053
2451
21565
29391
30745
28453
14193
20399
1857
9367
29093
1977
18546
19804
14731
21416
15109
11964
13662
7831
17474
25906
27325
1659
15824
2322
24761
17905
18544
1646
10285
27450
14060
11323
15950
131
9545
14000
32130
2410
4164
22767
4214
31167
253
2535
7018
2439
8429
6265
4048
2631
18973
19161
24086
8575
26522
3384
31168
3188
14884
29600
25529
20786
21798
4895
12011
210
26603
30247
13069
28409
9998
12341
25020
673
27186
21681
29134
1052
20980
21781
21731
3157
2590
2642
11068
31066
31773
28016
10705
3095
1462
17268
9885
4964
2036
16518
16189
18499
25189
26195
19897
16226
11910
8625
8098
5096
20347
27521
9053
12142
10755
28890
32702
21322
6316
1636
18905
18196
28739
27393
19732
20579
10383
7603
6529
22488
32063
19130
19563
24414
6944
5116
18223
11695
11667
14506
18509
21275
24639
24609
6847
27525
10499
3086
20362
16814
28206
30166
13714
14262
23795
23349
946
6367
1047
32293
26892
14485
1773
23553
30622
683
31876
24554
7447
24808
20255
5226
7656
6594
12261
6231
18077
3177
29402
23290
18286
28167
26382
25457
28177
27718
32533
10066
12755
22804
23990
13457
17895
17315
6887
12964
9726
8883
21754
32484
20760
29715
25105
26679
9881
30053
13783
19948
6559
23075
20338
9702
11923
8927
17331
11773
30462
31183
14224
19617
32670
14472
24277
25792
25786
31498
21270
8426
178
25597
22248
31156
26842
30266
22865
31578
11400
10125
19836
3752
2668
4281
10929
18714
4128
24253
10373
2114
22528
26966
2894
23658
22844
4805
5338
1659
32300
21714
28001
3357
29923
7953
6327
11552
28166
27236
19398
10523
15839
9665
13884
15442
5037
24630
5249
13533
15166
21546
7660
30983
7360
14309
9014
31733
28373
30547
28975
25992
20197
15108
19375
29059
13240
24696
5328
18929
28228
18330
29786
24769
11459
6538
4991
3252
13321
27807
16585
28025
17173
27053
4176
23318
21734
22147
19504
25737
13456
10680
18746
8623
6030
2984
29674
23654
12890
26809
10649
21742
31547
30947
12788
9622
3934
24687
27821
2452
28201
19966
1905
2868
32460
14798
20505
23861
5145
10809
30500
25455
25237
8574
22117
11962
7375
6340
4089
28684
10736
11356
6524
9953
10900
23879
1916
3808
16344
3064
11566
4283
18612
4186
25696
14935
2444
4885
4527
557
29185
3086
14586
23024
29965
2604
13847
21615
10063
10338
28100
25278
6051
21482
2784
27792
5622
18382
7131
18408
23641
25005
9323
21489
20051
13244
30592
15145
17020
30731
28027
8389
2631
18698
19098
15698
11296
17227
27063
11928
951
29833
32563
32451
15515
15338
2093
9925
23306
32641
14839
4086
18184
23319
1482
22781
3502
11307
1208
25076
19653
7991
24547
25543
31891
8757
2285
5853
3061
24674
22191
11515
686
11074
23086
8805
7679
29924
32714
10822
7032
16231
20665
14929
9741
9661
26804
31145
6508
25007
29680
5886
3982
29473
18768
18937
27788
19608
29913
987
23733
10489
18022
4961
30941
28308
14493
16362
1271
17248
17441
8155
31975
13960
29449
11843
25489
8999
18578
25531
2102
12368
20752
22161
13824
4690
28203
9765
475
28986
13127
13714
10887
6297
26180
31121
16107
21639
30824
23963
32429
8167
2969
1102
10495
2029
22480
26386
11708
26846
1226
6396
29875
26647
19457
12531
12099
20305
30426
7953
26664
11555
3360
29003
17812
24264
18353
19285
12673
26403
7031
5568
23622
14080
28826
10342
19817
19101
23028
29703
30389
16489
24774
28468
32140
19723
14505
19052
11902
12454
28615
12166
20250
4444
28490
4174
16899
24337
24597
18547
12615
9329
18354
5793
13037
26932
29068
12522
7117
2464
30815
30826
29861
10064
1004
4139
17768
5941
3825
23366
10969
28890
18776
9803
27225
8940
27311
32739
30717
12537
2264
1204
8932
32376
18178
8837
23496
19210
28888
5795
18898
17407
22007
11139
8627
20252
31142
31144
29424
29339
27329
12231
24445
32372
22519
9770
29070
23259
13366
16722
938
8202
32610
26592
28417
23360
1869
4022
29695
9482
13540
9817
4385
27841
14758
22681
15368
7508
12635
32117
12492
32583
3074
10297
19346
31740
21515
9705
8289
9778
9414
27106
17713
11211
25884
11711
581
5330
6781
18554
23739
29628
26649
211
12130
27374
3667
24310
17867
11136
32370
16728
11683
20801
22170
14562
12863
16379
23036
28753
13945
26104
14665
8925
24763
1988
16236
26136
19801
31029
13944
19226
15140
26537
6367
6875
26172
6543
25318
12768
1317
18217
6229
16154
7197
28815
21107
27147
6829
21752
27185
9258
30591
28469
4774
10633
15983
7038
30651
29877
17636
19057
13608
10717
30817
25944
14751
15671
31575
18347
27206
22688
1086
29142
6763
17539
13027
22843
11124
22523
20484
31099
26900
13372
11034
2801
30149
20271
2678
640
23410
4444
24975
16015
5235
2829
16795
1361
8383
1200
14428
14410
31581
28286
4413
24847
1052
29530
11421
31565
12676
13052
24939
8204
7948
26446
7411
30261
19342
30998
13559
3154
7159
18390
8194
32662
30275
10480
2041
5149
2217
25102
27379
8820
4370
8897
15946
32348
14544
16745
18419
15051
22669
16212
8714
28468
14465
22570
7345
25096
8425
8328
29211
15485
20148
30699
228
11150
8319
20944
164
4675
4035
6681
25795
12594
19021
14515
24975
26438
32751
30838
18315
28607
14454
21836
10506
16762
17883
30102
32253
29555
9918
21195
14858
19080
27919
21858
2270
21632
32015
26611
9411
13387
14455
17817
31605
907
27126
1946
5425
27988
1249
13898
29200
26160
3367
24876
20883
9575
15235
603
6271
17277
12789
12584
18667
8699
21618
26629
16535
115
6619
24994
12671
25278
26924
20821
2224
11400
22262
31423
14171
5647
22287
27821
4648
24103
13959
25404
15052
23938
29151
5441
18398
24366
15222
28903
7910
25183
17988
2970
13496
10607
10442
18724
10240
14883
27721
32278
27165
13104
7219
4458
27187
6909
27103
24934
30331
2987
14464
28612
18398
24659
9560
6415
27587
18318
24617
23376
37
24379
26605
28650
30184
15740
32710
15555
19821
2818
28728
24740
356
4747
26774
24291
5089
27048
5306
11839
29106
5828
15097
12043
8177
22626
30295
19599
26581
29094
24822
19883
29901
8215
17109
6333
6352
7843
6327
28357
10990
23012
1888
25031
13356
14753
3847
2673
24206
9112
4873
16638
23157
7034
2523
23898
11819
9272
26946
17031
9149
18045
8902
14655
18697
24699
17508
24027
13847
8939
4483
9587
3501
24399
10281
15943
27677
2939
1647
20317
14434
7763
1074
23404
2923
10710
5388
19193
8631
22108
26242
25024
2850
8987
11903
9045
3327
4080
15874
27403
27238
5213
11283
15125
1743
1998
11515
1771
5856
24352
27060
31984
21380
25443
27551
4945
25405
17887
28789
23600
28091
13654
14976
25858
3501
22665
12555
9525
5335
20989
25879
16406
22117
12543
20047
7667
27519
29670
21566
8316
9757
32664
30656
30319
9757
12368
12470
21109
17555
26526
21502
2375
18784
15279
5539
23316
7942
11214
31568
27687
30906
32299
21259
12485
7867
10971
543
20564
21731
30753
16474
17347
3963
11244
4985
13093
27220
30368
7905
22175
5651
31513
7056
24197
12237
6126
3154
9920
14036
22002
568
14707
5328
8193
1350
25822
27665
10233
30060
26754
8227
7430
30648
32133
19619
5923
17353
15961
7762
23517
25991
12697
17000
24666
18193
31795
24619
11419
5879
32460
20671
1022
24234
25184
2368
30471
23856
22569
27406
16991
31260
4291
28264
7965
25790
11917
23357
26693
13207
14162
1086
14734
6159
18729
14392
27497
31339
5785
23969
4158
4601
28161
27761
22265
19853
20535
14899
30405
8241
23152
19547
2071
1561
1888
9434
28399
21973
2978
15600
14939
12746
20825
8769
7484
11747
22296
27180
25676
32132
30207
28504
3424
15808
21287
3471
25579
12235
65
20432
18116
30642
3961
17567
31529
13129
7841
27808
12547
32101
7563
30564
7275
12620
21430
17027
18542
618
26925
20203
1805
15430
30381
8311
8840
16052
24838
15300
13277
2635
963
13888
17035
28953
28429
3203
4507
16278
15565
13027
15841
29143
16657
5186
4480
18692
6577
29483
12460
21772
24882
24862
948
18071
2282
16423
575
7485
7781
693
17365
1525
8
7594
31138
32208
17652
24751
13687
3303
23598
10442
8722
11665
9980
8498
4255
13274
4754
1634
32639
18737
29933
8044
32327
20577
12544
24976
4876
17859
26126
29197
1246
28593
11863
31287
12178
29501
12534
458
17605
8483
2826
17278
7709
3837
21524
12251
1234
20662
16800
4687
4717
26177
11816
3198
3792
12683
1845
23513
28535
2222
26311
7538
23549
14439
23543
1038
23522
2762
9947
13436
4491
9780
27562
15398
9866
22658
8480
21990
19744
8832
15908
28955
31488
6052
27305
12027
16726
26109
14290
18987
26120
6758
9049
7309
8764
29951
27185
14169
10778
25054
28266
16751
25043
27137
13398
4075
25570
12423
15082
11514
15506
20512
13158
16621
32448
11459
23609
4492
5602
3487
798
2989
31048
4947
29324
2821
9378
24161
20045
21565
31171
31200
9068
30024
28580
24178
12117
32757
12972
8566
8760
21184
6702
9343
24750
25582
5940
22788
2207
17113
123
27737
15715
17288
24510
28637
32551
2178
9271
20854
4499
24292
24164
14394
13738
8370
26887
6511
15089
4459
9072
6582
11219
26848
8446
3715
6468
69
29156
13264
18853
21897
26921
27155
20199
22755
1011
4205
18420
14510
22020
20260
20810
8054
8069
26195
26857
6227
28674
21728
18800
3445
31415
27567
131
5377
10
8469
17519
28
28760
14480
19729
24644
11252
4789
13300
30439
1133
14697
8121
17198
25360
31828
16060
8730
14510
12691
21748
13523
6816
28333
24859
317
12551
19913
7439
203
23128
4894
23929
4504
10265
18090
5292
32180
6373
5671
31952
3259
13238
4923
11583
21421
26724
8687
7983
14073
22888
11106
26002
21211
29414
26815
7226
15848
29419
23148
21057
23016
18163
16260
29608
9955
25262
8584
30270
19583
29699
18513
19907
19849
6230
10825
27470
6609
30470
11483
19436
29243
25914
18728
23178
21267
30430
26876
10517
22689
8424
4096
17631
20989
20704
9521
10821
30245
7583
28816
7055
28493
30039
8475
24343
12406
27859
28413
10414
18754
5120
11778
12859
11271
29613
25677
18341
6690
6287
14669
18931
10894
20360
20717
28082
7861
30504
26379
14487
31109
2677
16172
614
3271
18663
15470
32018
28844
8119
13758
2086
6569
14426
23114
21347
133
20552
14905
5291
4273
15873
18330
21790
20695
18258
25499
6530
31157
11476
19452
27112
28460
3767
31939
31884
20372
3773
23088
2046
3411
21385
14067
127
18094
20762
2717
17582
20447
31379
27733
32100
9063
16701
9676
13532
11429
1230
29299
26903
8360
22764
16107
7550
22850
17389
31932
12234
26205
23265
24139
29729
18834
24274
3846
23681
4088
16202
15330
12130
15930
9750
7
4503
17133
28746
2505
26486
25376
14469
3035
20792
21812
22134
20159
18083
32238
30623
30337
5606
970
13657
20645
18884
11410
19481
15966
15092
14640
22513
3841
20680
13249
14938
24248
13582
25578
3376
19835
32564
23919
18174
8764
6831
23809
29820
11874
27804
26456
11094
1401
31912
24194
6703
23848
9518
379
23014
10595
3744
2557
25624
18657
31272
23705
21222
21969
8079
32519
19960
28361
8797
18619
18625
3071
25154
440
30213
13499
10932
25513
5273
10508
1498
12590
31083
21435
13993
22388
31426
6269
7757
19976
8390
21100
4298
10477
16194
5816
23779
4332
23721
3994
2875
5675
2647
906
6330
4353
4634
23730
12338
1289
7409
17570
10050
14965
14099
10309
17019
421
21811
14356
1218
21753
16131
14473
3573
19683
759
14039
19666
6720
22347
30168
2068
31464
3143
10055
734
23683
29634
17711
16477
8607
25061
8099
10922
15616
11057
29360
8429
5943
17347
6288
12488
29303
25559
11296
32499
16547
21900
12181
8995
8107
20455
2922
31537
28697
793
31132
14712
14823
14853
12570
12927
21396
13565
25975
11736
32631
8652
28387
15943
29522
21754
11865
25895
32298
10315
538
1290
16470
8841
24153
26528
10711
19587
24120
23258
13031
22358
24819
10574
724
30699
1883
29150
30991
7105
9607
8852
19584
23277
31942
6865
13597
19295
20951
14503
21435
6502
13149
21891
19492
2423
1165
30223
17769
18218
8234
12630
17530
9605
10163
4906
5363
13437
21211
32194
13369
20410
21305
20136
29382
2715
8257
19155
16321
7546
16243
5647
21202
14385
23762
14758
10292
24028
18328
32313
780
11745
10024
7407
27129
15918
31812
3026
20972
27330
17024
26997
27450
15983
17910
19418
17647
22750
316
30356
14950
30163
6035
15401
24342
31154
16225
3770
23727
10051
12514
998
30566
25266
27930
20459
11404
9690
28942
31758
8038
2498
10547
23614
18489
2408
14631
2036
6564
25022
27551
23133
4146
13043
24225
15803
24624
18163
16371
17929
13756
8497
11731
24285
15135
15268
4072
4243
22877
5391
31865
8360
26378
29830
32221
4452
14686
1582
19506
17596
19340
13636
20306
18038
28752
26465
32003
398
16839
31996
26478
25817
17284
15152
4051
15080
27360
703
20858
14639
401
30808
30957
2662
5759
533
23396
22576
28883
15944
641
6139
14672
22391
16445
7975
19942
22949
16163
17002
29572
27859
25276
1139
23087
6343
3146
6093
10065
30220
6072
14343
31315
28730
9426
7698
8045
32120
178
5098
25789
28478
17274
27512
17815
16480
30281
23736
24605
1096
21863
3863
26895
23426
707
21023
4580
4479
15520
18773
5401
18322
27787
3938
23753
20799
8848
5234
30590
9653
20653
15322
20295
2713
23175
31997
22282
23557
19804
2928
8732
5585
21561
19036
6671
529
15469
3876
18123
12510
7741
30536
23776
7514
32217
21898
1563
9198
30863
31311
6232
11734
21055
23367
11926
13792
30479
24144
22609
2672
17759
19352
21260
28872
13312
11010
557
3462
10400
4300
6413
13934
4745
7534
11088
4458
7564
13509
6002
9423
4407
12400
32675
15586
12367
4475
17621
19099
11386
30010
14355
8105
571
20856
30228
11189
20771
15314
8464
7915
1094
16477
27858
5559
24301
2959
12559
12748
16778
27484
30198
17515
15089
27551
12040
28130
14788
4540
6186
22099
29231
31619
26872
25526
19414
25944
21085
4385
27660
23441
31328
19271
12358
6944
27201
30272
11471
25970
8901
136
957
19351
19150
10057
10275
13474
11310
20445
24968
9043
29373
6798
9112
32499
25002
4769
3610
25472
29454
8084
10530
15626
5575
7075
12680
12893
32131
13201
2456
8928
14619
29604
8715
15293
803
9714
28471
26690
191
26075
16002
8584
25271
3287
28
24914
7374
23666
22766
15415
10064
2452
4301
26372
32491
3334
12532
11100
22207
23858
26289
4001
12472
29994
32350
13848
20508
19692
2707
14151
14944
9957
2970
31650
14912
22195
11043
22631
6415
25903
24633
29639
587
13739
3957
13382
17780
4216
31602
16228
27166
13996
6528
19325
19014
25377
7837
18670
9954
23745
22689
9849
27323
32257
10168
13547
3967
21932
11285
28155
22802
17634
31717
8822
23334
15968
30082
21401
32011
2818
490
15294
28616
14213
23407
19004
19050
3986
11440
5768
16540
18936
7111
3744
10104
19002
5572
25769
15517
6985
28251
32726
25474
1938
10201
29837
19722
29243
30556
18373
15704
21930
22852
435
25572
2888
18917
21413
31182
16516
30334
21806
6771
15642
31343
7299
2623
24213
31910
13861
24514
27922
16731
16320
17157
11592
1021
10835
14110
21445
11628
26514
8706
15738
14952
1673
1691
4474
26186
897
9498
12287
28145
20263
30095
4782
32512
20715
12470
540
10055
26791
23316
17552
22654
13185
1603
10763
21561
6162
15499
6533
5144
24008
19122
890
574
21384
23572
23973
5637
18840
7414
3084
10480
25277
22295
23356
6114
160
15496
28630
1165
20342
21694
20298
19244
13536
16358
26083
117
9744
17528
11780
3017
10542
23311
23729
12719
1530
11384
14160
8832
27058
13832
30385
24932
566
2099
23373
6012
21610
21339
22219
10081
20956
14054
28361
5326
29095
1683
15576
5273
20631
31246
12232
22760
7309
31426
29223
28065
20261
1006
6660
14626
31639
18683
1528
30003
13275
5645
2920
13368
18705
7896
23044
18092
27423
12213
14483
5322
27548
29940
32499
16525
10221
19572
29019
9179
24237
21874
24804
32509
29779
12959
13640
27475
27406
12917
17385
26182
4596
20938
6165
2173
12124
19622
4232
15700
10888
12626
30258
3722
30856
10673
28731
22585
20570
28371
31045
30988
27222
6856
14833
21164
20170
19634
27812
11899
30689
21278
11915
23173
19145
20629
25052
4788
11284
3693
1375
2627
13151
29157
9518
10612
16946
18290
18617
21382
552
22611
524
18657
3664
32363
597
31125
19410
10832
22432
23554
13782
4000
14310
7128
8353
27540
32070
13635
14337
6615
14226
20575
15596
27544
30477
28914
18020
29918
13427
20058
2461
17435
31290
26564
28002
14341
13080
10399
27829
26529
16837
12625
3254
20640
17922
6184
27078
16367
13018
13971
8171
10378
6696
22162
4726
23697
20825
21611
22244
23709
21363
2207
18179
12628
1110
3612
32342
827
14659
14516
18105
25804
10906
20430
14408
713
13032
24923
4222
11983
32544
16652
1178
30766
5161
1986
4935
18168
19865
10055
6523
11608
14785
26171
11936
25381
30441
22609
3058
8119
30172
9915
808
17914
17832
15586
18518
5824
19615
11611
4882
23900
4769
25366
23254
19052
158
29401
12965
28918
14678
8429
2033
6583
28515
28440
18621
24759
23674
18123
13567
20769
15854
5019
24392
29522
31349
25077
8358
304
21807
22030
970
13501
20964
3866
27494
25836
11918
19134
30681
25779
5655
23751
28686
22625
28771
20252
12705
30002
29585
15857
27716
24352
23166
17470
11362
6397
25739
3184
30978
15039
673
22878
2285
25115
21874
7038
21267
4437
24833
26201
32299
28758
6500
23100
29594
9215
11464
22065
6550
12221
11959
1581
30859
5469
2198
8587
20413
10018
21362
28089
23856
16405
32508
22834
23749
22173
27089
17068
677
7503
20223
16530
29922
9735
11461
31924
2140
15160
2203
30782
17634
25472
13426
19430
29850
17280
31037
14442
17059
20970
19120
6970
11512
4571
26696
7025
19864
18284
3979
8970
16100
23172
9105
30801
8008
23536
28099
2967
30749
24757
23523
19754
3022
10148
24397
8069
20282
15664
20860
14787
4698
4477
463
3674
7204
13497
20621
2565
15791
11695
31528
16130
8343
7833
32190
20606
21667
11318
11749
12878
24741
23325
29352
4319
23202
22353
15821
30064
19251
23061
10842
31358
24619
8706
25687
9344
12922
12630
15828
13013
9042
18063
5422
31995
5256
17209
28815
12289
60
29956
29364
63
13244
29977
3315
9028
12710
4526
4732
9744
32589
30168
4319
29572
24926
929
4558
7958
19396
5211
10788
18377
2248
4916
31271
10077
23421
9738
778
8642
8539
22656
30135
26835
14122
32081
24267
2113
9506
14820
21473
28109
22096
28705
1555
16827
24379
31364
23998
9091
6088
28271
902
7881
3163
22725
31386
27791
2623
10420
12345
21674
19272
15570
9334
17266
1206
18028
4152
26558
23901
30490
11396
27920
3843
11415
32511
9740
14090
3792
20398
15151
6735
21563
11265
12733
24657
8298
6928
24315
2454
12512
26404
7071
9546
19491
8313
19333
2602
10003
15682
3491
5792
13433
31470
10303
15407
4835
25770
1375
23058
3248
8999
21378
11040
24167
31133
7821
19187
14157
5136
29960
5705
10294
2770
28042
27306
29851
16201
8306
2380
31213
30194
27096
8499
8489
20902
1988
17564
3757
5148
26781
19868
1098
18352
15844
30213
10650
13922
10018
9865
11923
21026
2334
16674
31837
29259
25940
27313
26721
2669
17827
6117
7587
15951
4166
24926
12369
30516
22533
25362
3996
24158
31916
10992
18886
24785
12221
31428
22140
8281
12642
24923
23399
30158
22949
28391
7934
26775
16867
2212
7582
16237
8830
8124
29916
3681
14547
20329
6426
26145
18796
9817
2392
2167
4726
8022
30029
17938
17013
3366
2486
27017
18230
32176
22255
21405
2309
22625
1472
11455
26145
15310
20089
20434
621
24219
26177
21041
16232
30619
22187
19700
28767
28984
29578
19311
7906
27670
25351
764
29556
21747
27632
14331
5766
4562
32339
29718
7591
2648
10828
29130
22773
3958
31003
24866
5335
26184
23673
27078
9198
31293
10285
3637
17736
31353
18906
21583
15063
26231
13083
22294
9250
19955
10705
9653
28987
18439
29372
5058
497
26004
2633
24256
17734
8931
24491
19688
27940
7308
17965
10537
2635
2967
4295
16493
9358
19682
3055
17438
9023
30658
18865
13800
6632
18413
29698
16577
19771
24216
6482
8999
1100
7900
10080
3753
31230
10590
2130
8361
699
15151
5637
22624
14953
29681
22434
11811
20121
18236
15730
12260
14593
7488
20211
18171
32300
26283
32555
2855
17520
10189
6972
18127
22305
16121
1849
4238
27140
27183
15672
7663
12550
20473
17064
13173
8238
3987
2021
21983
26577
7246
26122
8361
261
26678
12039
26070
24151
8691
1011
31469
5313
2541
26019
22338
4310
8884
13179
26486
11328
16542
3204
14913
14188
15538
18111
27247
19332
20164
28857
27177
30878
21218
4448
4982
9267
32239
6677
8706
11218
17806
16130
31261
8213
32578
10670
24838
11221
31443
14798
2666
31642
7155
18527
7976
14677
14113
8433
8535
28754
13774
9542
20874
28008
17854
20251
31058
28531
6066
1094
16133
15364
28996
28929
26302
27734
5650
23686
9381
1668
19486
11228
25713
14074
32629
1776
10795
15913
18703
21479
28724
26240
23799
31923
9865
5783
9131
13028
14150
21421
710
9665
13417
18516
6364
24216
4825
9067
28838
14162
5799
25421
28511
8010
21651
24904
621
8800
27858
12625
20548
26185
25358
10741
28808
4649
14255
10387
28529
21603
9817
26057
8308
31407
11701
28204
1056
20590
17525
4924
17734
14139
24466
26775
4444
11715
11736
8556
20515
14550
11429
25139
32392
25278
31214
23195
12488
17615
1922
15300
32728
20287
5011
24239
26116
17208
2674
12019
20182
4908
13722
11697
24121
7529
23536
8393
13022
29933
14153
16974
10207
11387
25389
1080
22947
22510
10459
15449
29185
14286
19596
19603
32680
17185
16380
6983
23742
899
24103
28688
26823
30585
5200
2226
6601
28419
7240
31309
10413
5744
11245
13015
23785
9078
15857
11976
15196
22658
22493
14103
7289
21069
29013
15206
28072
21424
24733
7290
8681
953
28764
31469
5563
20990
672
24103
27196
30001
25891
18314
7057
14325
15053
1517
22152
2032
7801
23884
20860
31522
25340
22205
11386
16245
5219
19622
7329
10389
7805
1838
26319
20481
15514
31985
28026
31587
5777
3064
21979
15645
12040
16104
2130
804
1775
29305
4102
2065
6734
28458
7628
23157
6721
19252
12874
28269
2112
10428
13148
28023
5796
9292
28854
14468
29287
1924
23499
20559
23084
5133
30446
6124
9855
31439
16311
9636
10077
21348
6313
5632
31479
10188
30225
5412
16819
26722
21041
4702
21364
23566
11422
20991
23067
24765
6375
20842
30030
4110
8311
12650
19320
7246
31677
6857
11280
31143
26250
20766
10015
10132
5050
26598
15868
11928
1046
19926
4442
9776
17529
8816
12421
22278
22322
2517
28137
19815
19626
29402
23764
28663
20295
861
23677
28324
9871
7898
21572
7640
30097
15161
1339
4595
14464
30698
5350
3832
17826
11060
13631
8326
21864
22986
3581
28171
21983
19616
19222
7988
3399
14588
29827
25768
20480
11984
29507
30965
19886
16711
26530
11722
14741
7582
13499
22888
21061
1077
25916
14419
3196
22502
19817
5965
25928
14229
3684
22916
8044
22024
24235
12043
28677
1017
15330
3975
24173
8298
27091
19755
23392
25401
25267
21478
21341
13812
7334
26842
16463
3822
18566
32273
32365
659
28128
28267
26719
32504
2112
13787
32418
26039
2479
31187
7725
30713
26233
30205
2645
18644
3636
8492
19950
10712
30205
7826
14259
17892
6149
20275
30184
24126
3149
6041
5437
24035
7853
11722
26358
14108
1563
887
4681
16210
8490
8310
21767
32035
23505
371
14207
7350
8814
20194
14240
32331
1546
55
12125
4886
30175
16218
31318
31821
12823
8277
7860
8320
23511
336
32084
11049
18044
9920
19753
10884
28197
26587
26075
16288
14193
32591
7604
5302
23690
21555
16061
3515
11106
20286
22308
26417
31036
4151
26849
14146
28527
6060
15513
1295
5478
14567
23491
27206
15340
26654
30217
29426
11686
14570
13809
12184
18657
8442
18620
11647
26255
21257
7567
18767
12939
17933
8144
4062
22821
15538
28883
8518
11738
24838
25782
19003
12131
18550
18057
18331
3314
29689
10162
26695
4280
8331
16016
306
5034
31709
6239
26551
24197
4427
8796
26160
7183
782
20009
24260
16544
25523
21874
4224
2786
17355
24785
12969
469
18405
5615
23121
5142
23225
20717
24105
15456
20390
3330
11414
20307
2399
16485
18439
22132
30945
12141
23941
7286
2216
31478
10636
20152
18466
28168
7961
22542
27492
20147
1284
22724
29468
13885
32144
24544
4294
13440
11329
18856
6947
17037
28141
26468
9959
18581
22294
21605
6066
15114
27767
7238
15682
4865
18909
5746
20711
9691
11064
6886
26423
8228
3058
29753
10754
10171
20607
13017
28297
26931
11830
17815
31722
5242
17759
31590
5599
3256
8589
21087
8104
20346
5166
14345
27462
22288
7520
7896
2282
31795
22278
3315
10925
6892
5659
2106
28801
32433
13895
904
12392
22992
17328
12597
3812
19473
30483
24288
31662
15510
14355
15979
26282
2823
6609
16454
16667
23532
1468
25329
7956
1114
2219
7100
3375
22738
30249
15570
28288
25446
22031
31861
30412
17693
20569
395
5367
18073
2866
6490
25020
23543
12113
31376
26273
8183
1672
14726
20777
2653
26778
20933
26187
26007
27214
26826
18979
18335
705
11782
28648
4643
6912
31785
17950
15844
15318
8096
29452
30044
19939
26204
13681
17059
8174
23766
15731
21651
10109
23632
4568
7979
12194
20061
21880
23345
27159
18851
242
10523
5773
27616
25759
23344
13378
5419
1732
10987
29138
26749
12812
23968
20303
13679
18485
7265
9875
12101
11529
803
3541
5420
23952
11037
18555
12224
1924
13425
14895
18385
13573
4878
4149
31335
24718
8917
5372
3587
1320
18171
25075
11560
32477
6318
25501
10778
20336
26875
25576
12262
6987
6639
3771
1186
29369
4860
9422
16630
15189
21663
20670
8412
19907
28480
21089
20899
7069
24922
29783
24890
29104
8411
32737
12971
10857
21454
8950
7142
25738
31799
31892
4288
4641
6974
17237
32571
29627
3984
14914
16648
21461
13059
26603
17994
5779
31609
17336
23965
29109
8966
19834
15703
24774
6997
17221
12814
10646
20551
27010
5722
1259
32222
6464
30683
16244
7514
2251
3454
26366
11681
640
25341
22506
23268
32223
23973
16095
18816
20194
32348
25276
2082
24461
1250
19153
27951
10183
22615
5454
25443
22376
22782
4603
27064
26259
32576
29994
19081
70
27636
14059
19959
31535
19933
29310
27532
21698
16500
23054
16158
25224
2024
4764
17654
11706
20068
3129
8498
11534
18064
10872
30312
20689
22362
20771
3980
5430
13558
10541
24852
3822
2851
12776
9561
9720
7345
29304
6209
29371
31808
24456
5659
29010
16970
18747
8650
32551
25700
25957
5670
22211
4544
18940
1695
32228
14583
27593
4900
22992
6917
30051
13123
24042
3989
2654
15505
2179
24192
19136
10316
8690
21136
10932
23615
29159
27017
29315
31462
24316
17770
31423
32467
11405
17136
30914
9552
19146
22876
28503
27718
27914
10102
6070
10077
23139
20946
22198
28773
11383
5714
4670
30453
28816
14572
31484
29521
24304
11693
7770
16529
7266
9214
21678
25088
14869
22311
24497
30659
26538
18449
19763
26299
2956
17488
29197
14252
13696
24160
4438
29086
8061
15151
986
29571
12477
22748
29639
4379
14100
12991
170
30485
19073
26281
24474
6775
3843
16237
19379
14143
18605
18591
23239
8778
30205
20379
2639
29302
25706
30153
6312
17668
29500
14368
32380
8512
30880
4073
7294
16227
31996
4294
29018
14008
16512
10226
27627
22270
16126
24778
11695
12558
9723
21133
20857
4797
28934
7008
2662
31236
8264
